6 0.409011 0.0033426 5.71
11 -0.229662 0.00160087 4.78
6 -0.43559 0.00866903 5.13
6 -0.374897 0.00908253 4.37
1 0.0972918 0.606053 5.8
6 0.0551501 0.00884975 5.04
6 -0.713882 0.0127252 6.33
6 -0.701538 0.0131585 5.7
6 -0.162447 0.0157808 4.55
0 0.525197 0.00968924 5.9
6 -0.287757 0.0201004 4.99
6 -0.380977 0.0247952 4.61
1 -0.184119 0.673204 5.55
0 0.48331 0.0135891 5.57
6 -0.447652 0.0391887 6.18
1 0.127592 0.56276 2.07
1 -0.0871083 0.623437 5.57
0 0.59682 0.0238877 2.28
6 0.0251841 0.0360518 5.42
6 0.348356 0.0303415 3.88
1 -0.23589 0.661605 5.54
11 -0.136425 0.00597902 5.29
1 0.458599 0.454876 5.01
6 -0.195828 0.0483079 4.89
6 0.0220801 0.0447076 5.41
6 0.151302 0.0423576 5.24
1 -0.152883 0.617893 2.83
1 0.351682 0.471809 5.71
1 -0.052816 0.581477 4.79
6 -0.133365 0.0610302 4.44
1 -0.2899 0.64627 6.02
6 -0.695705 0.0873019 6.12
1 0.300064 0.470024 4.61
1 0.261565 0.474892 4.51
1 0.398591 0.435857 6.1
6 -0.319332 0.0881384 3.56
11 -0.467121 0.0409332 4.23
1 -0.306646 0.61617 5.38
11 -0.369895 0.0334201 5.5
1 0.280482 0.456955 5.16
6 0.0440735 0.0823758 5.18
1 -0.194951 0.575769 6.25
6 -0.254828 0.100914 6.39
0 0.532368 0.0578137 5.38
6 -0.543334 0.126595 5.77
11 -0.224769 0.0252649 2.82
6 0.31151 0.0867088 3.93
6 0.285387 0.0883187 2.4
6 -0.498913 0.130406 6.16
6 0.116361 0.103166 4.86
1 -0.110507 0.522928 5.01
1 -0.139208 0.529144 6.05
6 -0.41572 0.142418 5.72
1 0.113361 0.457525 5.2
6 0.414335 0.0978146 4.76
0 0.430329 0.0593686 6.18
11 -0.50562 0.0700317 4.36
11 -0.505456 0.0700389 4.53
1 0.607225 0.33198 4.74
1 -0.338589 0.553773 5.69
1 -0.0676071 0.488602 5.38
0 0.505738 0.0733281 4.17
11 -0.335546 0.0492308 6.11
0 0.424792 0.0642718 6.47
6 -0.423024 0.167965 5.2
6 -0.488888 0.174032 5.94
6 0.399611 0.112352 5.51
1 -0.169137 0.490077 5.89
1 0.180222 0.410735 4.34
1 0.585821 0.318876 3.69
1 0.0964083 0.421862 4.34
1 0.1244 0.412162 3.27
1 -0.0548379 0.451343 5.88
1 -0.0517393 0.447894 5.36
0 0.65065 0.11621 2.24
1 0.283936 0.369677 5.3
6 0.363728 0.133401 4.59
6 0.586119 0.11654 5.72
1 0.504983 0.318671 4.8
11 -0.448583 0.0840953 5.38
6 0.219624 0.150139 6.05
6 0.609538 0.119054 4.36
1 0.430405 0.329307 4.95
6 -0.145348 0.184701 2.04
6 -0.28222 0.199271 4.77
6 0.219499 0.155495 5.9
1 0.454839 0.319569 4.48
6 -0.238893 0.201338 6.15
0 0.262868 0.0530654 5.64
1 -0.170205 0.439495 5.36
1 -0.239546 0.451043 5.51
1 -0.0921269 0.42036 6.11
1 -0.00470453 0.40226 4.08
1 -0.347928 0.470834 5.98
0 0.264942 0.0560337 5.42
1 -0.067289 0.412047 6.51
1 -0.336289 0.463606 5.92
11 -0.263353 0.0566807 5.09
1 -0.330377 0.460297 4.44
1 0.506597 0.29445 4.9
1 -0.143342 0.421871 5.07
0 0.614951 0.133758 3.46
1 0.305592 0.330217 4.53
1 0.0566445 0.378411 5.55
6 -0.280478 0.226698 5.17
6 0.468669 0.153974 5.24
11 -0.364082 0.0847388 6.67
6 -0.474611 0.26063 4.78
6 -0.316785 0.250146 6.15
1 -0.104124 0.386951 5.8
1 -0.0220781 0.370111 5.46
0 0.584267 0.142978 4.83
11 -0.362647 0.0887475 5.45
1 0.0426993 0.353766 6.08
6 -0.267249 0.252923 5.35
0 0.578422 0.146006 4.62
0 0.54371 0.137348 2.15
1 0.24976 0.313262 3.86
1 -0.0274641 0.360791 4.4
1 0.073768 0.340042 5.44
6 0.063066 0.226465 4.3
6 -0.264425 0.265349 5.62
6 0.237667 0.215994 5.59
6 0.104314 0.236862 5.5
1 0.121134 0.310744 5.5
1 0.298182 0.281136 5.95
1 -0.328041 0.384381 4.27
6 -0.394731 0.30226 5.4
1 -0.468647 0.402832 6.06
1 -0.375011 0.38199 6.03
1 -0.189541 0.351136 5.64
6 -0.289986 0.301486 6.09
1 -0.0682419 0.328985 5.33
1 -0.0683906 0.328952 5.55
1 -0.391047 0.379606 6.35
1 -0.391031 0.379411 7.26
6 -0.292625 0.304122 5.58
6 0.391035 0.213432 3.32
1 -0.228316 0.350151 6.14
11 -0.513769 0.155384 5.36
6 -0.293267 0.31242 5.71
6 0.290292 0.233023 5.21
1 -0.082899 0.32096 5.56
1 0.343963 0.254966 5.04
1 0.121126 0.289242 6.23
1 0.573755 0.218954 5.17
1 -0.375773 0.363911 5.51
6 0.574646 0.196054 3.94
6 -0.285237 0.315321 3.46
1 0.408277 0.2399 4.26
1 0.185659 0.272553 2.07
1 -0.10367 0.315606 5.57
6 -0.310159 0.326734 6.4
1 0.306093 0.252315 5.67
1 -0.444985 0.362892 5.97
0 0.369996 0.117822 5.32
1 0.576303 0.209647 4.34
1 0.108392 0.278492 5.15
1 0.223379 0.261337 5.8
1 -0.079293 0.304594 4.66
1 0.0839638 0.279823 4.51
0 0.443298 0.143373 5.57
6 -0.449402 0.35447 5.93
1 -0.336995 0.330884 5.21
1 -0.016242 0.285388 4.67
1 -0.336941 0.330762 6.44
1 -0.170841 0.305508 5.97
6 -0.328994 0.35052 5.14
1 -0.349039 0.327671 6.04
6 -0.477756 0.375172 5.7
6 0.374578 0.247376 4.97
11 -0.365428 0.125396 4.25
6 -0.443526 0.379508 5.42
1 -0.420253 0.321642 5.13
1 0.0287586 0.255008 4.74
1 -0.511609 0.323115 5.87
0 0.581841 0.212009 4.95
0 0.444257 0.164086 6.33
1 0.0542176 0.244914 5.23
1 0.364218 0.201707 4.87
1 -0.510214 0.308266 6.5
1 0.214853 0.215125 5.6
6 -0.321229 0.398609 3.6
6 -0.324837 0.399314 6.21
6 -0.19322 0.384486 4.9
0 0.532265 0.209155 2.66
0 0.373505 0.146999 4.72
1 -0.119514 0.244014 5.35
1 -0.118435 0.241953 5.5
6 -0.222596 0.395849 5.51
1 0.358372 0.184233 4.83
6 0.34308 0.300758 3.41
6 -0.0585599 0.379458 5.11
1 -0.135595 0.229818 6.01
1 0.38866 0.172666 5.27
1 -0.368902 0.253449 4.84
0 0.330699 0.139056 5.82
6 0.462109 0.289285 3.93
1 -0.191257 0.228571 3.62
0 0.546052 0.237238 4.68
6 -0.16789 0.424721 5.62
1 -0.205045 0.210624 6.23
6 -0.172489 0.432481 5.41
6 0.0987184 0.379193 5.69
1 0.27637 0.161036 4.1
1 -0.252532 0.209076 5.54
11 -0.58594 0.266141 0.45
1 0.417063 0.144053 3.59
0 0.277222 0.127091 5.28
1 0.332039 0.147191 5.01
1 -0.173894 0.190387 5.98
11 -0.607064 0.282393 5.76
1 0.259061 0.149295 4.96
11 -0.173254 0.08204 6.33
1 -0.383504 0.200294 4.45
6 0.149068 0.395462 5.25
0 0.363621 0.174102 5.57
6 0.576324 0.305343 5.52
1 -0.104857 0.172344 5.24
0 0.316835 0.152702 5.18
0 0.508173 0.246013 5.78
1 0.456999 0.122729 4.01
6 -0.157198 0.470975 3.49
1 -0.108817 0.162346 6.27
1 -0.311048 0.175768 4.26
6 0.0173637 0.440356 5.29
6 0.576164 0.317831 5.04
11 -0.154361 0.0784629 6.05
1 -0.165772 0.152618 5.86
6 -0.259846 0.523787 4.66
1 -0.0711322 0.137836 5.83
6 -0.266259 0.53583 3.74
1 0.550775 0.0911195 5.53
1 0.455712 0.0965824 5.7
1 0.056598 0.117966 3.42
1 0.257129 0.105075 5.42
1 -0.12477 0.127085 3.88
1 -0.431689 0.145315 4.61
6 0.432526 0.379213 4.39
6 0.357146 0.400441 5.12
0 0.434501 0.236885 3.35
1 -0.0980456 0.120865 2.64
11 -0.360569 0.197679 4.68
11 -0.180421 0.099842 6.15
1 -0.0494063 0.113142 5.76
6 0.547721 0.359816 3.69
0 0.341259 0.189163 4.97
1 0.192411 0.0987056 5.69
6 -0.0202113 0.504254 4.92
1 -0.151844 0.112408 5.09
1 -0.0494749 0.104713 4.79
1 0.420651 0.0787309 5.7
11 -0.470298 0.268157 2.86
6 -0.050069 0.528099 5.43
6 -0.0449467 0.528022 3.99
1 -0.433787 0.113676 5.89
6 0.126512 0.489828 5.34
6 0.411778 0.41716 5.15
0 0.298278 0.175628 4.49
1 -0.440815 0.104881 3.82
1 0.532695 0.0623145 4.99
0 0.402679 0.239271 6
1 0.119775 0.0773896 5.5
0 0.411939 0.245086 5.59
1 -0.497189 0.101667 5.42
0 0.27196 0.162501 3.95
1 -0.00943523 0.0799873 5.64
1 -0.507472 0.0990839 5.96
1 0.28438 0.0674674 2.1
6 0.117076 0.508422 4.68
0 0.192894 0.117186 5.27
0 0.211035 0.128723 5.22
1 -0.0674297 0.0704725 5.03
1 -0.0139189 0.06764 6.01
1 -0.0532086 0.0675449 2.01
1 0.200869 0.0545491 4.78
1 -0.0101132 0.0572601 4.98
1 0.149022 0.05229 3
1 -0.123385 0.0554788 5.68
1 0.22207 0.0455658 6.09
1 0.222137 0.0455154 6.82
1 -0.0103489 0.0502611 6.01
1 -0.324574 0.057427 5.64
1 0.0874867 0.0470077 6.24
1 0.603694 0.034129 6.38
1 -0.540542 0.0615458 5.94
1 0.0658997 0.0439227 4.94
1 -0.553428 0.0559062 5.65
1 -0.0933126 0.0457871 5.23
6 0.155307 0.5404 5.27
1 -0.3193 0.0498206 4.36
1 -0.199248 0.0470095 5.72
1 0.319108 0.0353767 4.84
1 0.456359 0.031347 5.31
11 -0.33936 0.225132 5.57
0 0.361653 0.240475 6.05
11 -0.339752 0.228037 5.67
1 -0.0263157 0.032778 5.57
1 -0.0133953 0.0323651 5.79
1 0.119423 0.0295956 5.25
6 0.579287 0.430611 3.56
1 -0.649157 0.0362842 5.51
1 0.134709 0.0253397 4.84
1 0.127989 0.0244304 4.03
1 0.609052 0.0162971 5.75
1 0.59991 0.0161864 5.99
1 -0.116727 0.0242683 5.58
1 0.0363794 0.0193538 5.29
1 0.380284 0.0149176 5.31
1 -0.566757 0.0233108 6.47
1 0.436659 0.0092454 5.57
11 -0.318322 0.226534 4.08
1 -0.491397 0.00999563 5.29
1 -0.519455 0.00881594 5.42
1 0.560745 0.00461393 5.16
6 0.0338873 0.630312 5.19
11 -0.238248 0.171316 5.99
1 0.433602 -0.00126797 5.19
1 -0.285884 -0.00364576 5.48
11 -0.459918 0.336917 5.36
1 -0.562209 -0.0048656 6.34
1 0.578402 -0.00351518 6.25
1 0.439267 -0.00494397 4.73
7 -0.20493 -0.703684 4.88
7 0.50567 -0.472362 4.24
1 0.0916977 -0.0128969 5.55
1 0.44542 -0.011718 6.16
7 0.225382 -0.555563 5.13
1 -0.32692 -0.0188849 4.3
1 0.0543077 -0.0158207 5.29
1 0.0589203 -0.0182177 5.89
0 0.331232 0.252026 4.46
1 -0.117508 -0.0274419 6.14
1 -0.155764 -0.0290611 6.21
11 -0.151786 0.118235 5.27
0 0.0101286 0.00789798 1.97
7 -0.147176 -0.647158 4.74
1 0.169124 -0.0289589 5.15
1 -0.522799 -0.0401741 5.36
1 -0.203811 -0.0383034 6
7 0.233804 -0.527187 5.91
7 0.109046 -0.560552 4.96
1 -0.685556 -0.056165 5.74
1 0.143356 -0.0427159 5.38
1 -0.383149 -0.0552713 4.87
1 -0.684897 -0.0629333 5.53
7 0.14082 -0.539153 5.74
1 -0.251162 -0.0555333 5.64
1 -0.0328625 -0.0514673 7.1
7 0.226698 -0.510216 5.78
1 -0.0328727 -0.0516532 6.48
7 0.591629 -0.403559 5.3
1 -0.576586 -0.0689444 5.65
7 0.140797 -0.528119 5.84
1 -0.0797909 -0.0602155 5.45
1 -0.492837 -0.0754273 4.08
7 -0.224023 -0.624149 4.83
11 -0.305819 0.255675 4.12
7 0.385035 -0.452185 4.74
11 -0.544088 0.45922 5.21
7 0.323613 -0.465445 4.11
1 0.00973151 -0.0649095 5.3
1 -0.515307 -0.084734 5.72
1 0.244125 -0.0626585 4.91
1 -0.113833 -0.0759159 5.74
7 0.5448 -0.396646 5.4
1 0.545986 -0.0541653 5.76
1 -0.431028 -0.0917811 3.47
1 0.0214229 -0.0752819 4.65
1 0.321876 -0.0659422 5.43
7 -0.185575 -0.586582 4.24
1 0.419822 -0.0624316 4.1
1 -0.153654 -0.0856116 6.4
1 -0.197902 -0.0883707 5.78
1 -0.294493 -0.0940148 4.27
1 -0.250598 -0.0923004 5.17
7 -0.0912863 -0.555866 4.47
11 -0.370857 0.326545 5.73
11 -0.308986 0.272269 4.83
7 0.23077 -0.458827 6.51
1 0.0491826 -0.0913397 4.52
1 -0.143799 -0.103028 5.83
11 -0.380279 0.34549 5.25
7 0.169152 -0.467548 4.45
1 -0.158391 -0.106961 5.26
7 0.0200041 -0.501747 6.14
7 0.0839732 -0.485277 5.39
1 0.0147711 -0.101088 3.61
7 0.232893 -0.445997 5.92
11 -0.196256 0.180586 4.76
1 0.211497 -0.0931881 4.22
7 0.229151 -0.444996 5.48
1 0.566029 -0.0750408 3.77
7 -0.049172 -0.513013 4.76
1 -0.20125 -0.118662 5.52
1 0.152837 -0.0996511 4.56
7 0.278237 -0.419935 5.93
1 0.212698 -0.104201 5.34
1 0.497241 -0.0892464 3.93
1 -0.141742 -0.133796 5.76
7 -0.296599 -0.543653 3.89
1 -0.147156 -0.136803 5.58
1 0.0987935 -0.124371 5.1
7 -0.000494051 -0.46873 5.44
1 -0.0995548 -0.140682 5.8
7 -0.00595459 -0.466524 5.82
7 0.308343 -0.392727 2.88
1 0.238661 -0.120396 4.68
11 -0.345591 0.34198 4.98
1 0.157234 -0.12707 4.94
1 -0.0873739 -0.144564 4.63
7 0.0240101 -0.452201 5.69
1 -0.555681 -0.179418 5.56
1 -0.316262 -0.162745 4.71
1 -0.565341 -0.186061 6.11
7 -0.324917 -0.523124 5.75
7 0.0746173 -0.431072 5.88
1 0.00371037 -0.149008 5.91
11 -0.228797 0.233348 5.51
1 -0.41253 -0.181902 2.54
1 -0.407089 -0.181953 5.62
7 -0.00938099 -0.446113 4.08
7 -0.324976 -0.514422 5.32
11 -0.406019 0.419034 5.12
7 -0.327331 -0.506096 5.26
1 0.517835 -0.119254 2.91
1 0.225917 -0.144095 3.32
1 -0.0164856 -0.16488 5.45
1 0.59077 -0.115499 4.77
1 -0.147319 -0.18418 6.13
1 0.266477 -0.151287 2.09
1 -0.130556 -0.186725 6.24
1 0.436834 -0.139206 4.05
1 0.341616 -0.149186 3.79
1 0.0524037 -0.175671 5.74
1 0.24287 -0.164487 4.61
1 -0.112858 -0.199241 4.35
7 0.0816532 -0.381647 3.8
1 0.0212238 -0.189057 5.78
1 -0.526986 -0.244192 5.07
1 -0.0881647 -0.21089 4.87
7 -0.30562 -0.43856 4.8
11 -0.146816 0.168827 5.51
7 -0.298978 -0.433264 6.14
11 -0.33742 0.394165 5.53
1 0.329871 -0.178588 5.49
11 -0.337646 0.395982 5.24
7 -0.0422415 -0.37659 4.86
1 -0.521055 -0.27261 5.62
1 0.454947 -0.167893 5.16
1 0.452598 -0.169743 5.05
1 -0.426424 -0.267332 4.84
7 -0.0569076 -0.373915 3.7
7 0.338027 -0.300722 4.26
1 0.0211347 -0.220363 5.91
1 -0.00367768 -0.225186 6.14
1 -0.419797 -0.275402 5.7
1 -0.0840335 -0.237682 5.27
1 0.318625 -0.192517 4.96
1 0.0317148 -0.228459 5.55
1 -0.0907348 -0.245096 5.1
1 -0.0186723 -0.243198 5.5
1 0.451153 -0.186644 1.79
1 -0.088958 -0.252223 6.07
1 -0.309823 -0.280723 3.61
7 0.197224 -0.301715 6.39
1 -0.295421 -0.290331 3.73
7 0.191488 -0.296151 5.71
7 0.194154 -0.293177 6.49
1 -0.0511673 -0.264954 6.03
1 0.447462 -0.203582 4.67
11 -0.312117 0.404451 4.71
1 -0.26326 -0.301777 5.14
1 0.417211 -0.211605 4.36
7 -0.387632 -0.374887 4.74
1 -0.2323 -0.299855 4.14
1 0.379592 -0.22307 5.3
1 -0.301225 -0.317582 5.76
7 -0.29785 -0.349132 3.72
7 -0.0675411 -0.310331 4.26
1 -0.0182861 -0.286512 5.95
7 -0.145256 -0.310383 5.24
1 0.425947 -0.230386 4.32
1 -0.490782 -0.366641 4.29
1 -0.0395495 -0.300625 6.72
7 0.269615 -0.24736 4.57
7 0.0434926 -0.272549 6.01
7 -0.377397 -0.330038 5.97
1 -0.431354 -0.373616 5.55
7 -0.386314 -0.323023 5.53
1 0.000948274 -0.311201 6.11
7 0.113165 -0.248956 4.99
1 -0.100814 -0.334156 5.68
1 0.158398 -0.293175 4.97
7 0.21048 -0.233889 4.59
1 0.423275 -0.252907 3.01
7 -0.29441 -0.297868 3.52
1 -0.100689 -0.34094 6.13
11 -0.262724 0.390211 3.84
1 0.12929 -0.305819 3.84
7 -0.473892 -0.314588 5.24
1 -0.0154153 -0.331636 5.45
1 -0.0185741 -0.332478 3.72
7 -0.493292 -0.314782 5.56
1 -0.0051944 -0.33155 5.66
1 0.321977 -0.277572 3.77
1 -0.0119267 -0.332867 4.3
1 -0.3662 -0.393928 5.34
1 -0.013344 -0.335867 3.87
1 -0.00989378 -0.335654 5.76
1 -0.0102877 -0.336348 6.43
7 -0.249752 -0.278352 4.43
1 -0.0206648 -0.339334 4.14
7 0.0642228 -0.238223 5.91
7 -0.0446879 -0.249941 4.22
11 -0.154501 0.236186 3.26
1 -0.017063 -0.343941 2.85
7 -0.0338355 -0.245161 5.24
7 0.0782549 -0.23055 5.52
1 -0.26133 -0.389573 5.08
1 -0.0169076 -0.351499 3.62
1 -0.015369 -0.351342 5.05
7 0.186066 -0.211855 4.17
1 0.148058 -0.324344 5.14
0 0.181082 0.285225 4.59
1 -0.354548 -0.425453 5.66
7 -0.384761 -0.262479 5.48
7 0.157178 -0.199194 5.11
7 -0.0232647 -0.218437 4.64
1 0.129766 -0.34701 2.84
7 -0.435382 -0.260014 4.46
1 0.497853 -0.287257 5.28
1 -0.040626 -0.391456 5.62
1 -0.0275837 -0.389873 6.05
1 0.284774 -0.33295 2.9
7 -0.226123 -0.220577 2.97
11 -0.275187 0.470671 4.56
1 0.206368 -0.352802 3.98
7 -0.0361998 -0.19387 4.62
1 -0.229352 -0.447442 3.41
11 -0.262282 0.458419 4.48
11 -0.273532 0.480046 4.97
7 -0.465947 -0.226705 5.28
1 -0.363436 -0.48814 3.91
1 -0.375367 -0.493909 5.32
1 -0.00475706 -0.419792 5.46
1 -0.0422599 -0.429265 4.36
1 -0.0431319 -0.432574 5.9
1 0.502355 -0.321561 4.25
1 0.0619749 -0.41622 5.18
1 0.0882941 -0.412414 5.21
1 0.252516 -0.38225 6.07
1 0.258841 -0.382344 5.52
1 0.449613 -0.340651 3.96
1 -0.0856156 -0.4608 5.51
7 -0.355058 -0.174475 5.44
1 0.0450924 -0.439857 5.39
7 0.283067 -0.125599 4.93
1 -0.371507 -0.536527 5.71
7 -0.356915 -0.167578 4.04
1 -0.322779 -0.538175 5.29
1 -0.289523 -0.53267 4.84
7 0.287576 -0.114448 3.85
7 -0.290533 -0.151288 4.87
11 -0.231671 0.466819 3.33
1 0.313247 -0.396408 4.67
1 0.472267 -0.359072 4.12
7 -0.341264 -0.150443 4.43
1 -0.296727 -0.543458 4.27
1 -0.162806 -0.513045 6.31
7 0.470443 -0.0960598 4.26
11 -0.259139 0.534177 4.44
1 -0.0605977 -0.49651 4.93
11 -0.217596 0.45452 5.88
7 0.130993 -0.110436 3.55
11 -0.0742616 0.155669 5.67
1 0.516838 -0.361048 4.6
1 -0.0404311 -0.497442 5.64
1 -0.0478761 -0.504708 5.5
1 -0.0356072 -0.5026 5.34
1 -0.155483 -0.53319 3.65
1 -0.187427 -0.542031 5.58
1 0.0709313 -0.479948 4.97
1 0.206956 -0.446368 4.93
1 -0.165574 -0.540176 5.26
11 -0.0619892 0.134414 5.78
1 0.442062 -0.392398 4.8
11 -0.208007 0.455834 5.24
1 -0.185168 -0.553218 5.72
1 0.0407573 -0.498672 5.38
1 -0.115018 -0.540244 3.77
1 -0.12982 -0.546689 5.64
7 -0.420332 -0.115287 5.17
1 -0.280651 -0.588055 5.1
1 0.0169644 -0.511997 6.34
7 0.133386 -0.0876052 3.97
1 -0.11602 -0.546876 4.8
1 0.203802 -0.466049 5.73
1 0.200731 -0.467493 5.77
1 -0.0201356 -0.528814 4.21
1 -0.021899 -0.529526 5.27
1 -0.105267 -0.551763 4.3
1 -0.144836 -0.562876 6.44
1 -0.00917811 -0.530896 4.28
1 -0.150786 -0.568529 4.48
1 -0.16896 -0.574829 4.69
1 -0.00464872 -0.534907 5.53
1 -0.167066 -0.58456 5.9
1 -0.134142 -0.575966 4.96
1 -0.142063 -0.57887 3.84
1 -0.0777255 -0.561714 3.53
1 -0.143841 -0.579849 3.4
1 -0.201717 -0.596523 5.02
1 -0.147378 -0.589315 5.58
1 -0.186354 -0.602831 5.4
1 -0.145866 -0.591815 5.47
7 0.333996 -0.0559069 5.07
1 -0.141607 -0.597668 6.01
7 -0.499038 -0.0787491 4.91
1 0.617958 -0.386327 5.78
1 0.390395 -0.456008 6.09
7 0.0567874 -0.0550155 4.49
1 -0.160644 -0.614679 4.65
7 -0.360289 -0.0649665 5.71
7 0.543638 -0.0398488 3.3
7 -0.331085 -0.0628759 5.2
7 0.0705283 -0.0469166 3.81
1 -0.258875 -0.653864 4.25
1 -0.124645 -0.616576 0.87
7 -0.428771 -0.0554084 3.93
1 0.359729 -0.479522 4.25
7 -0.447094 -0.0496864 5.22
1 -0.132397 -0.632135 5.78
1 -0.206321 -0.654051 4.27
7 -0.217101 -0.0425053 3.86
1 -0.136314 -0.639295 5.08
1 -0.133762 -0.63926 4.67
1 0.613007 -0.418037 5.07
0 0.253429 0.695979 5.36
1 -0.211621 -0.667492 5.45
7 -0.120729 -0.0312904 4.32
7 0.273823 -0.025057 4.44
7 0.186946 -0.0210286 5.04
1 0.0114252 -0.612612 4.27
7 0.443633 -0.0158731 5.3
1 0.412294 -0.492139 5.3
11 -0.113871 0.326379 5.53
1 0.034991 -0.610933 6.18
7 -0.320472 -0.0200216 5.98
7 -0.326083 -0.0177552 5.78
11 -0.189149 0.552081 5.28
7 -0.43088 -0.0118481 4.01
7 -0.169679 -0.00167869 5.49
7 0.0603843 -0.000658563 6.35
0 0.202532 0.623365 5.29
7 -0.180567 0.00230694 5.76
2 -0.127401 0.680292 6.09
7 -0.662551 0.00953748 3.19
2 0.300699 0.542512 4.89
7 -0.18258 0.00934087 5.03
7 -0.712395 0.0138254 4.35
7 0.507305 0.00851492 5.58
7 0.507266 0.00857292 6.42
7 -0.62902 0.016449 3.68
2 -0.0683927 0.651477 5.08
2 -0.164922 0.674581 4.71
2 0.280776 0.535201 4.79
7 -0.38609 0.0227934 4.36
7 -0.555999 0.026835 5.33
0 0.12433 0.420068 4.26
7 -0.55446 0.0311699 3.71
2 -0.227503 0.679657 5.18
2 -0.255627 0.687508 4.64
0 0.193906 0.665828 5.52
11 -0.0751005 0.258437 5.47
2 -0.183792 0.656436 4.06
7 -0.391699 0.0392353 5.5
2 0.205324 0.536315 2.69
0 0.198129 0.705896 4.43
2 0.0259959 0.585362 5.79
2 0.0470533 0.577224 5.79
7 -0.538014 0.0522778 4.47
11 -0.0348499 0.127499 5.84
2 0.293443 0.499153 4.93
2 0.608139 0.405109 6.09
7 -0.292205 0.0530089 5.39
7 -0.249539 0.0524088 4.78
2 0.321239 0.486129 5.95
2 0.326217 0.484312 6.46
7 -0.351741 0.0617429 4.8
2 0.406659 0.454089 3.03
2 0.350975 0.467658 3.69
11 -0.0836548 0.327693 5.3
7 -0.0651496 0.0595178 5.74
7 0.417195 0.0458125 5.37
2 -0.0261036 0.571182 4.62
0 0.138591 0.549908 4.03
7 0.158157 0.059062 4.55
7 0.162145 0.0590441 6.32
2 -0.151102 0.59781 4.65
7 0.426337 0.0521932 5.05
7 -0.0723045 0.0707444 3.19
7 0.600476 0.0479162 4.71
0 0.140061 0.584983 5.22
0 0.139634 0.583888 6.08
2 0.347968 0.450466 3.18
2 0.561967 0.391486 4.98
7 -0.401882 0.0881268 5.12
2 -0.0883707 0.564257 4.91
2 -0.278069 0.614335 6.15
2 -0.0537976 0.552935 5.28
7 -0.393099 0.0929293 2.78
2 -0.299507 0.618633 5.33
2 -0.0288366 0.545585 5.84
2 0.0203901 0.531367 5.5
7 -0.405867 0.0975763 5.11
7 -0.320567 0.0960277 4.25
2 -0.271244 0.602338 5.43
2 -0.151246 0.568402 4.81
7 -0.261055 0.107609 4.45
7 -0.181161 0.106532 3.29
7 -0.240958 0.110782 4.36
7 -0.564478 0.127078 4.46
2 0.284564 0.436569 4.82
0 0.103997 0.505753 6.49
11 -0.0843032 0.412128 4.81
7 -0.33089 0.121246 0.18
2 0.171664 0.456005 5.01
2 -0.0249607 0.504765 6.26
2 -0.242872 0.555601 5.52
2 0.428649 0.386775 0.08
7 0.150392 0.107004 4.81
7 -0.357337 0.136952 3.59
2 0.181284 0.440808 4.54
2 0.18857 0.438406 6.15
2 0.308331 0.40593 4.69
7 -0.558542 0.156673 5.34
2 -0.0320344 0.486879 4.96
7 0.451628 0.095373 5.44
2 0.19141 0.432802 6.49
0 0.109445 0.612319 6.13
7 -0.235776 0.138634 4.29
7 -0.251782 0.141456 5.29
2 0.190173 0.430285 5.05
7 -0.491593 0.165349 4.72
2 0.3381 0.387695 5.22
7 0.574282 0.0963403 6.1
7 -0.580863 0.176789 4.99
2 0.0925906 0.437541 6.45
0 0.100958 0.627914 5.24
7 -0.221248 0.155126 5.25
2 -0.139514 0.489478 6.09
7 -0.337728 0.165339 4.13
2 -0.126724 0.482407 5
7 -0.448102 0.17574 3.35
7 -0.48045 0.178086 5.07
2 0.24954 0.396069 5.02
7 -0.541498 0.183819 4.89
7 0.490086 0.109281 6.26
2 -0.353406 0.529736 1.64
2 -0.141172 0.476925 6.23
2 0.0835859 0.425947 1.65
11 -0.0882838 0.59644 5.14
7 -0.57052 0.196692 4.59
2 -0.117443 0.46612 5.4
2 -0.0421112 0.44723 4.88
2 0.191392 0.396033 5.08
2 -0.158381 0.472038 5.52
2 -0.131993 0.464894 5.77
7 -0.0964619 0.166354 2.81
2 0.0166343 0.426522 5.47
7 -0.476002 0.203892 4.71
0 0.0659396 0.503751 5.43
11 -0.0118211 0.0904984 6.18
2 -0.363789 0.499787 4.2
7 -0.093817 0.178316 5.53
7 0.165387 0.156558 3.86
7 -0.57541 0.219929 5.46
11 -0.0297434 0.241176 5.18
7 -0.346844 0.203682 4.62
7 -0.49337 0.216781 2.25
2 -0.108776 0.438698 4.32
0 0.0769088 0.639313 6.44
2 0.143745 0.383897 4.71
7 -0.148028 0.189905 2.58
2 -0.110677 0.432525 5.67
11 -0.0598012 0.517347 3.76
2 -0.192708 0.447381 5.6
7 -0.586929 0.236847 5.32
2 -0.290009 0.462298 4.39
2 -0.28098 0.458776 3.39
7 -0.385103 0.223144 4.98
7 -0.385053 0.223192 5.13
7 -0.385092 0.223255 6.71
7 -0.384502 0.223661 4.98
7 -0.396371 0.224796 4.58
7 -0.374426 0.222964 2.75
2 -0.00900603 0.402595 5.37
11 -0.0209987 0.196508 6.04
7 -0.39598 0.226088 5.24
7 -0.473468 0.236201 1.69
2 -0.294871 0.452087 4.09
2 -0.141491 0.421092 5.53
11 -0.0167099 0.167017 5.65
0 0.048002 0.482007 6.15
7 0.0324968 0.192149 6.15
2 -0.0644244 0.403139 2.97
7 0.0471812 0.192589 5.28
2 0.107032 0.365309 5.4
7 -0.443139 0.24596 3.77
7 -0.347705 0.237019 4.77
2 -0.405698 0.461193 4.5
7 0.143981 0.190291 2.65
2 0.0219165 0.376702 5.18
7 -0.4572 0.257534 1.74
2 -0.153564 0.402404 4.84
7 -0.0631876 0.222508 5.88
7 -0.533555 0.274518 4.9
0 0.0488206 0.658035 6.05
0 0.0375781 0.542186 6.17
7 -0.0610014 0.2318 3.59
11 -0.029926 0.449777 4.34
2 0.472461 0.269436 5.46
7 0.115435 0.217956 5.18
2 0.61073 0.243153 5.93
2 -0.169955 0.37856 6
7 -0.199132 0.258726 3.55
2 -0.195727 0.380782 5.72
7 0.475816 0.180365 3.85
2 -0.134225 0.369075 5.47
2 -0.207309 0.380336 5.28
7 -0.297427 0.274132 2.07
11 -0.0165665 0.31098 6.54
2 -0.357185 0.404636 5.26
2 -0.00896166 0.340315 4.88
2 0.258638 0.294369 4.51
2 -0.232321 0.375499 4.89
7 0.590707 0.174271 4.5
11 -0.018804 0.426096 5.1
11 -0.00796419 0.187671 5.46
2 -0.200675 0.365611 5.54
0 0.0268106 0.650869 6.53
7 0.180809 0.229293 3.12
2 0.221968 0.293192 4.72
7 -0.0864215 0.264558 3.76
7 -0.339529 0.296885 5.36
2 0.256038 0.285837 3.97
0 0.0202447 0.601372 6.14
2 -0.204038 0.356948 5.6
2 -0.457673 0.39765 4.76
7 0.14639 0.24207 4.88
2 0.0434109 0.312752 4.56
2 -0.0905708 0.329312 4.39
2 0.592948 0.220218 4.96
2 -0.100555 0.328306 5.92
0 0.012743 0.57981 5.2
2 -0.339001 0.364413 0.45
7 0.208472 0.243033 4.97
7 0.104733 0.260546 5.52
7 -0.20836 0.303853 3.71
7 0.176161 0.255361 4.36
2 0.010556 0.297716 4.81
2 -0.458449 0.3657 5.89
2 -0.487358 0.367743 5.21
7 -0.300444 0.329406 6.15
7 -0.296928 0.32917 5.04
7 0.318202 0.241287 3.96
2 0.556349 0.211252 3.72
2 0.360784 0.239857 1.9
2 0.213514 0.260669 2.65
2 0.380052 0.235619 4.3
2 0.418802 0.226437 5.71
7 -0.275564 0.339718 4.92
2 -0.295533 0.321798 4.12
2 0.318218 0.232467 6.08
2 -0.105714 0.290354 5.14
2 -0.0977498 0.287178 4.64
2 -0.0412434 0.278569 4.16
7 0.124288 0.290222 5.65
2 -0.381987 0.320759 5.67
2 -0.408554 0.324322 5.63
7 -0.161288 0.337468 4.92
2 0.31828 0.226149 5.9
11 0.0119354 0.444239 5.72
7 -0.190065 0.347581 4.67
2 0.232256 0.231982 5.35
7 0.314389 0.269481 6.15
7 0.219817 0.287906 5
2 -0.198387 0.283901 4.42
7 -0.109973 0.342019 5.28
7 0.312635 0.274213 5.5
11 0.0147532 0.386721 5.06
2 -0.0466083 0.254975 5.75
0 -0.0262317 0.601819 5.35
11 0.0121712 0.272312 5.08
7 0.581027 0.238204 4.72
11 0.0222694 0.45329 5.01
2 -0.0240284 0.244495 5.83
2 0.427392 0.189731 5.78
2 -0.210284 0.265137 4.45
2 -0.107463 0.25244 5.76
2 -0.174486 0.260321 4.95
2 -0.0514192 0.244457 6.51
0 -0.0252826 0.45042 5.36
2 -0.120008 0.241451 5.2
7 -0.360325 0.420359 3.99
2 -0.0596771 0.234454 3.31
2 0.0646104 0.218294 4.32
2 -0.175329 0.245177 5.34
0 -0.0394591 0.576023 5.37
2 -0.242647 0.251226 5.44
2 -0.034128 0.225473 6.09
2 -0.248131 0.248611 5.04
7 0.188337 0.329616 4.37
2 -0.03848 0.223167 6.24
2 -0.293112 0.250418 5.39
2 0.377322 0.175635 6.53
7 -0.267722 0.41793 6.76
0 -0.0423693 0.540953 5.01
2 0.375645 0.17346 6.33
2 -0.0477246 0.214053 6.95
0 -0.051362 0.598401 4.44
7 -0.326473 0.440101 5.27
7 0.098266 0.36238 3.02
2 0.521647 0.147272 5.34
0 -0.0568986 0.589315 6.05
7 0.161873 0.357918 3.85
11 0.035923 0.362508 5.56
7 -0.12418 0.416509 1.98
11 0.0664419 0.661829 5.6
2 -0.062561 0.200443 2.87
2 -0.40137 0.229405 4.39
2 -0.401308 0.229366 6.72
7 0.545056 0.289532 -0.62
2 0.431172 0.146258 4.92
11 0.0410574 0.36781 5.37
7 0.450786 0.314747 5.76
0 -0.0717665 0.610582 5.21
2 -0.100112 0.182796 6.22
7 -0.390159 0.498212 5.06
7 0.151807 0.386169 4.47
2 0.0766399 0.164985 5.75
7 -0.340439 0.492628 3.76
2 -0.105478 0.178925 4.13
2 0.375915 0.134451 5.88
0 -0.0831549 0.615316 5.86
2 -0.183975 0.173872 6.38
7 -0.0147124 0.438751 4.34
11 0.0843657 0.600829 5.69
2 -0.396649 0.187445 5.88
2 -0.346775 0.180792 4.47
2 0.557658 0.106361 6.45
2 -0.342235 0.171662 6.44
7 -0.0205328 0.455735 4.54
2 0.0308329 0.142628 5.26
7 -0.101428 0.480815 5.71
7 -0.0897262 0.479694 3.95
2 0.591108 0.0951775 5.87
0 -0.0889655 0.536032 5.94
2 -0.176156 0.146699 1.93
7 0.364922 0.379686 3.17
7 -0.108469 0.490289 4.42
2 0.046849 0.129047 5.76
2 0.233163 0.115767 5.7
2 0.24256 0.114588 5.34
2 0.290811 0.109704 4.8
2 0.0338564 0.125329 6.02
11 0.0281159 0.159256 5.61
2 -0.297729 0.139949 4.66
2 0.0322325 0.118402 6.45
2 -0.154463 0.125115 5.2
2 0.328553 0.0948165 5.04
2 -0.022132 0.111309 3.06
2 -0.235303 0.122795 4.49
7 0.141061 0.463073 5.23
2 0.0450285 0.104417 5.42
7 -0.132857 0.535021 -1.44
2 -0.241628 0.117364 3.35
2 -0.245466 0.114844 6.47
0 -0.118305 0.578442 4.86
2 -0.323481 0.115909 5.92
2 0.309287 0.083679 5.24
2 0.595217 0.0692892 5.34
7 -0.177528 0.555747 5.28
7 -0.0470649 0.523369 6.07
2 -0.334238 0.112802 4.77
7 0.274921 0.442531 5.27
2 0.41186 0.0757155 5.22
2 -0.448148 0.115744 4.48
11 0.111256 0.521269 3.24
2 -0.181551 0.0946683 5.87
7 0.174729 0.480068 3.5
7 0.535193 0.385625 2.94
2 -0.232604 0.0942715 5.68
2 0.274299 0.0717092 4.99
0 -0.0910063 0.402586 5.14
11 0.0768098 0.336383 5.41
2 -0.0826557 0.0833259 5.28
2 0.13147 0.0702104 3.6
2 0.219868 0.0660686 6.1
0 -0.135497 0.57449 5.34
2 0.211958 0.0656619 6.32
7 -0.056293 0.561044 4.82
0 -0.0896489 0.37555 5.11
2 0.213044 0.0630659 6.46
7 0.0212817 0.542977 3.89
7 -0.221979 0.610081 4.08
2 -0.23732 0.0759211 4.73
7 -0.0512721 0.56793 5.8
2 -0.0197334 0.0658889 5.74
7 -0.0559811 0.572445 4.66
7 -0.17861 0.609468 5
7 -0.116969 0.592375 4.36
2 0.359513 0.0495831 5.85
11 0.0456405 0.181118 5.45
0 -0.152017 0.595554 4.35
2 0.336255 0.0467508 4.9
7 0.216873 0.510074 5.07
7 0.118624 0.539252 1.5
2 -0.00779442 0.0518048 6.2
2 0.204034 0.0454391 6.02
2 -0.0107716 0.04923 6.4
2 -0.184726 0.0500774 5.73
7 0.10273 0.560106 3.49
2 -0.0407033 0.0381987 5.2
2 -0.5963 0.0460612 4.99
7 0.0247481 0.590379 3.02
7 -0.139223 0.643828 4.11
7 0.536331 0.441076 4.92
7 0.386663 0.486877 5.2
2 -0.104814 0.0324228 4.01
2 -0.0685045 0.0270263 6
2 -0.187727 0.0155091 5.47
7 0.0817507 0.602872 1.83
11 0.104592 0.338375 5.68
11 0.104642 0.338321 3.78
7 0.341382 0.523501 4.83
2 -0.596186 0.00897719 4.91
2 0.0643236 0.003249 4.41
2 0.00509115 0.00239534 5.75
2 -0.506604 0.00296491 5.44
2 0.226378 0.0011946 4.91
2 -0.510797 0.000664687 4.15
8 0.0776262 -0.623451 5.91
8 0.363218 -0.530537 5.3
2 -0.0425474 -0.00175305 5.85
8 0.490376 -0.48798 4.49
2 -0.0142466 -0.00323479 7.05
8 0.456401 -0.49594 4.87
2 -0.183638 -0.00584263 5.07
8 0.444675 -0.498262 4.42
8 0.0828215 -0.610138 4.42
2 -0.0293009 -0.0106881 5.84
8 0.0902776 -0.604642 4.01
2 -0.503524 -0.0162372 6.42
0 -0.190518 0.553957 5.2
2 0.0233199 -0.0152489 5.75
8 0.0199272 -0.616516 4.83
11 0.133208 0.382357 3.97
8 0.28766 -0.530536 2.71
2 0.25542 -0.0205563 5.87
2 -0.17667 -0.0258877 3.58
8 0.326831 -0.511587 5.24
8 0.278315 -0.526037 5.11
8 0.0418025 -0.598096 4.88
8 0.0495046 -0.595547 4.37
2 -0.079935 -0.0329829 3.5
2 -0.106934 -0.0409267 5.09
2 0.180325 -0.0356901 5.12
0 -0.203671 0.542673 6.36
2 0.548605 -0.0307448 6.86
2 0.548541 -0.0308034 5.8
2 -0.0628065 -0.0462046 6.17
2 -0.0259565 -0.0454057 5.04
8 0.126659 -0.543569 2.45
2 0.252058 -0.0414502 5.23
2 0.0193429 -0.0485818 5.77
2 -0.265655 -0.0574017 5.37
11 0.0703311 0.17938 5.54
2 -0.310944 -0.0616191 4.99
2 0.0222685 -0.0530428 3.78
2 0.418412 -0.045474 4.61
2 -0.109833 -0.0615904 5.94
2 -0.3299 -0.0689841 2.89
2 -0.0887803 -0.0642553 5.2
2 -0.356204 -0.0738439 5.22
2 -0.317558 -0.0732198 4.33
8 0.3026 -0.46931 5.41
2 0.0926023 -0.0638022 4.16
8 0.391027 -0.44427 3.25
2 0.0283109 -0.0668459 5.07
2 -0.25905 -0.0786073 4.55
2 0.0248389 -0.0687936 5.01
2 0.428481 -0.055099 5.35
2 -0.458748 -0.0966807 5.24
2 -0.429855 -0.100781 5.59
2 -0.188433 -0.09255 5.27
8 0.248113 -0.462185 5.42
2 -0.428133 -0.105826 5.83
2 0.0953886 -0.0842671 1.58
2 0.00798176 -0.0933297 4.06
2 -0.593783 -0.128466 5.14
8 0.217358 -0.45395 4.53
8 0.0348192 -0.495711 4.69
2 0.152392 -0.0961417 5.58
2 0.144251 -0.0988366 4.89
2 -0.389892 -0.127961 0.4
8 0.278486 -0.429147 4.84
2 -0.154286 -0.116061 5.04
8 0.274886 -0.428833 5.73
8 0.27713 -0.427978 5.76
2 0.594342 -0.0794868 6.09
8 -0.281226 -0.558263 3.94
11 0.134641 0.282853 3.93
0 -0.264056 0.547398 4.93
2 0.0444735 -0.12023 4.23
8 0.0867203 -0.45716 4.63
8 0.0966208 -0.453516 3.94
2 -0.00975837 -0.126778 5.3
2 -0.0340374 -0.129656 3.57
2 -0.106027 -0.137214 6.53
8 0.264678 -0.407203 3.62
2 0.0299254 -0.129012 1.16
8 -0.177869 -0.509836 7.03
8 -0.177786 -0.50978 6.06
8 -0.180611 -0.507938 5.03
2 -0.138088 -0.143435 4.89
2 -0.280675 -0.153663 5.25
0 -0.22993 0.45887 6.5
0 -0.204951 0.408087 5.93
2 0.125776 -0.130902 5.14
8 -0.229616 -0.508349 5.48
8 0.035956 -0.447124 4.4
8 0.440382 -0.354092 4.69
2 -0.0551791 -0.147878 6.18
8 0.42482 -0.35415 4.1
8 0.0147113 -0.446083 3.34
8 -0.130623 -0.476701 5.17
8 -0.218923 -0.485702 6.37
2 -0.461458 -0.192615 5.12
8 -0.1974 -0.480507 5.16
8 0.30644 -0.368511 3.71
8 -0.178911 -0.47361 5.69
8 0.273088 -0.373992 4.49
8 0.455233 -0.332098 4.22
2 0.0101652 -0.162912 4.97
2 0.390165 -0.135019 6.25
2 0.393861 -0.135437 5.47
2 -0.111179 -0.182092 5.38
8 0.555326 -0.298602 3.46
8 -0.0285416 -0.418896 4.2
2 -0.185001 -0.194331 5.8
8 0.369635 -0.334945 5.08
8 0.39828 -0.326962 5.14
2 -0.451398 -0.224768 5.3
8 -0.0222494 -0.40694 5.09
2 -0.584954 -0.244331 4.93
2 -0.15626 -0.20844 5.6
2 -0.011498 -0.195032 5.87
2 -0.53149 -0.246953 4.69
2 -0.171654 -0.213108 5.99
0 -0.288583 0.491346 6.02
2 -0.0165743 -0.198817 6.32
2 0.609102 -0.139601 6.48
2 0.0320538 -0.201238 4.94
8 0.283186 -0.327548 2.21
8 -0.0928556 -0.393966 6.12
2 -0.232704 -0.23546 5.14
2 -0.0584824 -0.222315 5.96
2 0.315923 -0.18487 6.35
8 -0.0100747 -0.36527 2.83
2 -0.0767834 -0.230552 5.3
11 0.20739 0.332117 4.35
2 0.483294 -0.170559 4.78
8 -0.431719 -0.4361 4.36
2 -0.221921 -0.251011 6.25
8 -0.104502 -0.375355 4.4
8 0.421303 -0.279771 1.75
2 -0.00553334 -0.23385 5.73
8 -0.208793 -0.385792 5.53
8 -0.226023 -0.385772 4.72
8 0.2685 -0.299735 4.44
2 -0.146431 -0.258159 4.67
2 0.0697003 -0.235949 5.62
8 -0.171839 -0.366371 4.99
8 0.197192 -0.30348 4.78
8 0.279929 -0.287422 4.42
2 -0.305918 -0.298216 3.53
8 -0.164306 -0.345676 6.32
0 -0.332355 0.484302 5.63
11 0.132034 0.191178 4.05
8 0.207173 -0.281735 4.44
11 0.19153 0.273999 5.33
11 0.191866 0.27399 5.63
2 0.0298581 -0.269643 5.13
0 -0.362971 0.516296 5.89
2 -0.0272497 -0.279499 5.92
11 0.127835 0.181472 4.34
8 0.139077 -0.28095 4.83
11 0.173194 0.242641 5.28
11 0.343005 0.4786 1.86
8 0.432881 -0.232702 4.79
8 -0.227934 -0.329606 6.13
2 0.325167 -0.239167 4.25
2 -0.129397 -0.306503 5.94
2 -0.275454 -0.330251 6.11
8 -0.416765 -0.348126 5.61
8 -0.413556 -0.342081 3.91
11 0.262728 0.355909 3.77
2 -0.152157 -0.32126 6.11
8 -0.411915 -0.337747 5.6
2 0.0457745 -0.294383 5.58
2 -0.0146728 -0.304371 6.51
2 -0.235114 -0.338009 5.56
2 0.0287124 -0.298335 6.3
8 0.526324 -0.202716 5.08
2 -0.0205825 -0.313853 6.05
2 -0.204504 -0.342465 5.94
0 -0.341882 0.444475 3.35
2 -0.0200044 -0.326613 5.71
2 -0.129932 -0.344795 5.33
2 -0.284035 -0.375135 6.48
2 -0.085866 -0.342792 5.33
2 -0.0190138 -0.333119 6.35
2 0.206177 -0.297404 6.2
8 0.453551 -0.189436 5.01
2 0.207 -0.302722 5.76
11 0.388262 0.482643 5.27
2 -0.100152 -0.357359 6.55
11 0.391675 0.486591 4.84
8 -0.330716 -0.281875 5.72
2 -0.29087 -0.398906 5.92
8 0.312644 -0.196406 4.11
2 -0.372719 -0.416149 4.14
8 0.00761619 -0.230975 5.24
2 -0.292186 -0.404243 6.54
2 -0.423849 -0.431135 4.45
11 0.227964 0.273889 5.19
0 -0.2982 0.357924 5.63
8 0.0655585 -0.216866 4.86
2 -0.0941165 -0.377006 6.65
8 -0.244155 -0.250112 4.98
8 0.168403 -0.20384 3.97
2 -0.0896062 -0.378072 6.39
2 -0.0902379 -0.378584 6.61
0 -0.309313 0.367924 4.59
8 0.513395 -0.164857 3.6
2 -0.0980333 -0.381232 6.29
11 0.375898 0.445535 4.31
8 0.382381 -0.178271 3.77
2 0.393521 -0.293985 5.35
8 0.395416 -0.174867 4.74
11 0.126234 0.148683 5.46
8 -0.179718 -0.235279 4.87
2 -0.228082 -0.418889 5.62
2 -0.421983 -0.45545 4.3
2 -0.0604289 -0.387754 4.66
8 0.128409 -0.194805 3.68
8 0.445202 -0.161579 5.15
8 -0.347077 -0.243908 4.63
8 0.3022 -0.1739 4.05
2 -0.121626 -0.406102 3.94
8 0.550279 -0.147586 1.93
2 -0.279542 -0.436674 5.63
2 -0.371616 -0.455795 6.13
2 0.110792 -0.364549 6.12
8 0.367178 -0.161794 3.87
8 -0.225466 -0.218933 4.32
2 0.076459 -0.377019 6.58
2 0.07639 -0.377169 4.03
8 0.596452 -0.137118 4.5
2 -0.355314 -0.462256 3.38
2 -0.237749 -0.439999 5.89
2 -0.367408 -0.473779 4.35
8 -0.425499 -0.223833 5.3
8 0.350762 -0.150749 4.94
8 0.0281918 -0.177272 4.02
8 0.374479 -0.146059 5.09
2 -0.171743 -0.447876 6.36
8 -0.349261 -0.206248 5.55
2 0.363486 -0.341072 5.15
2 0.0722304 -0.4042 6.25
2 0.150242 -0.388285 5.67
2 0.0736776 -0.404473 5.96
0 -0.365534 0.387299 5.72
2 0.116773 -0.402817 5.4
11 0.389021 0.406208 3.84
2 -0.36326 -0.512025 3.11
8 -0.334003 -0.18643 6.07
8 0.0259716 -0.15755 4.87
2 0.0690163 -0.41961 5.23
2 -0.243283 -0.488906 5.44
8 0.500185 -0.1173 4.68
11 0.052846 0.0543911 5.43
2 0.162792 -0.40493 5.44
11 0.415433 0.426552 4.93
2 -0.168572 -0.479568 5.22
2 -0.163276 -0.480171 5.68
2 0.114056 -0.420409 6.25
2 -0.237274 -0.501506 4.26
2 0.459716 -0.348009 3.12
11 0.422358 0.424552 5.17
2 0.156371 -0.41804 5.23
8 0.26868 -0.122318 4.45
2 0.155272 -0.42673 5.89
2 0.0745066 -0.447379 6.07
11 0.31227 0.305672 4
0 -0.294236 0.287771 4.74
2 0.0107602 -0.466751 5.45
2 0.447279 -0.367766 3.57
8 0.380049 -0.101316 3.75
2 0.076813 -0.458102 6.67
8 -0.617641 -0.154259 4.99
2 -0.257081 -0.558062 5.23
8 0.30729 -0.0929606 2.23
2 0.113883 -0.467564 5.42
8 -0.00939825 -0.110148 4.62
0 -0.312849 0.290737 5.15
8 -0.323284 -0.124339 5.6
2 0.0577994 -0.485384 5.95
2 0.548984 -0.362938 4.46
2 -0.0287802 -0.509979 5.16
8 -0.319519 -0.120054 5.47
8 0.0692672 -0.0986061 5.59
2 -0.0287895 -0.515145 6.04
0 -0.311406 0.284372 4.8
0 -0.368713 0.335164 4.67
11 0.445294 0.404589 3.43
11 0.388773 0.352272 3.96
2 -0.164938 -0.560663 6.49
8 -0.352505 -0.108563 6.1
11 0.275935 0.245841 1.67
2 0.381878 -0.425426 5.3
0 -0.408486 0.360311 5.18
8 -0.551812 -0.108061 3.89
8 0.301719 -0.0717655 5.24
2 -0.163848 -0.577046 5.36
8 0.214666 -0.0712131 4.92
8 0.193587 -0.0715618 4.63
2 0.614117 -0.373097 4.8
8 0.602602 -0.0541207 4.34
8 -0.320866 -0.08766 5.49
8 -0.36772 -0.0894033 5.24
11 0.450405 0.387784 2.21
8 0.457231 -0.0540027 5.26
2 0.26357 -0.479818 3.82
8 -0.259753 -0.0716719 4.77
8 -0.305499 -0.0699111 4.8
11 0.401784 0.334317 4.79
2 0.220335 -0.502449 3.14
8 -0.00967633 -0.0569648 4.71
8 0.542844 -0.0395324 2.47
8 0.0402799 -0.0489774 4.71
11 0.126121 0.101983 5.34
2 0.0675236 -0.564754 4.47
8 -0.392746 -0.0495242 5.6
8 0.505979 -0.0282967 5.09
8 -0.312131 -0.0395233 6.53
8 -0.0735605 -0.0351987 4.72
8 -0.323003 -0.0381507 1.99
8 -0.716634 -0.0400039 5.4
8 -0.693925 -0.0395108 5.72
8 -0.440946 -0.0326497 4.59
8 0.165516 -0.0241855 4.51
8 0.247649 -0.0181199 3.6
2 0.220415 -0.550667 5.87
8 0.0933096 -0.0194695 5.75
8 0.588458 -0.013161 3.16
0 -0.405207 0.306661 3.65
8 0.0929724 -0.0166119 5.91
2 0.249843 -0.545715 5.39
2 0.0134641 -0.620456 4.32
2 -0.228268 -0.697418 4.99
8 -0.734099 -0.021558 5.07
8 -0.474412 -0.0194017 4.54
2 0.591042 -0.444788 3.17
2 0.280067 -0.546149 6.19
11 0.128118 0.0948959 5.07
8 0.459761 -0.00557036 5.01
2 0.279511 -0.549957 4.54
11 0.479315 0.353238 4.08
0 -0.295741 0.217874 4.54
8 -0.376874 -0.00675314 5.56
2 0.270432 -0.560256 5.4
2 -0.158168 -0.700471 6.32
8 0.420162 0.00255154 4.34
3 -0.115519 0.680816 5.73
8 -0.659402 0.00628873 5
8 -0.30841 0.00837402 6.4
8 0.298625 0.00671921 5.51
3 0.354347 0.523197 5.28
8 -0.605973 0.0124921 4.68
11 0.44706 0.314926 4.51
8 -0.28662 0.0169139 6.31
8 -0.47531 0.0186245 3.9
8 -0.216763 0.0186299 5.07
8 -0.738878 0.0275394 3.52
8 -0.0518467 0.0211594 4.76
3 0.0696264 0.595312 6.26
3 0.338565 0.510631 5.61
3 0.246092 0.535501 6.12
3 0.145824 0.561659 5.64
8 0.517061 0.0223045 5.56
3 -0.172527 0.656998 5.36
8 0.0212899 0.0316832 4.78
11 0.433001 0.288647 3.69
3 0.0225398 0.58616 2.97
11 0.196148 0.129409 5.43
3 -0.221764 0.655229 5.67
11 0.388801 0.254661 2.92
3 -0.227707 0.650488 6.44
3 -0.0328346 0.580086 6.1
8 0.348644 0.045016 5.09
8 -0.598903 0.0736471 6.24
0 -0.507372 0.320144 3.78
3 -0.198385 0.620123 6.45
8 -0.410383 0.0717568 6.01
8 -0.206837 0.0667542 4.11
8 0.36495 0.0500999 4.58
3 0.027586 0.551814 5.29
0 -0.614868 0.383817 4.55
8 -0.554881 0.0809214 6.02
8 -0.333419 0.0752952 5.07
3 0.0575798 0.538781 3.88
8 0.534286 0.0598342 3.52
3 0.339801 0.438717 5.11
3 -0.216333 0.582547 5.26
8 0.166656 0.0820979 5.23
8 -0.576605 0.119681 6.69
3 -0.311492 0.59554 4.68
11 0.118621 0.067982 5.53
3 0.16014 0.470194 5.37
8 -0.572487 0.141978 6.43
8 -0.238194 0.127891 4.6
8 -0.630399 0.159 6.2
3 -0.13523 0.511304 3.48
3 0.215133 0.426975 4.49
3 -0.273038 0.541039 4.39
8 -0.491839 0.156311 4.48
3 -0.232293 0.528722 1.36
8 0.477712 0.09852 4.85
8 -0.326158 0.156057 5.91
8 -0.250693 0.153079 3.61
8 -0.325873 0.159776 5.64
3 -0.205885 0.50462 6.43
8 -0.606567 0.188835 5.77
11 0.324873 0.16244 3.29
8 0.286111 0.130802 3.85
3 0.135896 0.410633 6.47
3 0.094739 0.414467 5.49
3 0.0828881 0.415994 6.46
3 -0.0134596 0.436552 5.95
3 -0.20127 0.476536 5.42
3 -0.0151855 0.4362 3.43
11 0.492544 0.237354 3.39
3 0.350932 0.355329 3.45
3 -0.0214568 0.43485 5.81
8 -0.331938 0.191552 5.25
3 -0.0917738 0.437517 4.78
3 -0.0849177 0.434939 2.01
8 0.577102 0.126326 4.5
8 -0.552022 0.227192 6.66
3 -0.179543 0.445035 6.16
8 0.280541 0.15759 4.82
3 0.317411 0.341616 3.06
3 -0.352065 0.473793 6.06
3 0.173234 0.367558 5.89
8 -0.41222 0.226557 5.93
3 0.168726 0.364015 5.52
3 -0.305469 0.452308 5.61
3 0.168499 0.356506 4.72
8 -0.164521 0.215008 3.83
8 0.0899969 0.193879 4.28
3 -0.286201 0.435836 6.01
11 0.558684 0.237495 3.81
3 0.22073 0.338232 4.2
8 -0.440007 0.259352 5.19
8 0.0829062 0.20421 5.57
3 0.260261 0.321844 5.79
8 -0.485785 0.268387 5.08
3 0.137173 0.337196 5.9
11 0.499564 0.201775 3.3
3 -0.20113 0.396731 5.43
3 -0.297274 0.410861 3.84
8 0.39046 0.182634 5.02
3 0.183724 0.321944 5.57
8 -0.0371645 0.235676 5.08
3 -0.346421 0.409119 5.07
3 -0.311364 0.401784 5.67
11 0.187943 0.0726434 4.11
11 0.593027 0.228864 4.45
8 -0.170417 0.261345 6.01
11 0.548825 0.209733 5.08
3 0.206048 0.306535 6.29
8 0.418084 0.193884 3.84
3 0.163383 0.30762 6.42
8 -0.159779 0.270513 4.91
3 0.124335 0.310622 4.68
3 0.233149 0.290996 5.84
8 0.578817 0.180169 4.29
8 -0.461017 0.322904 6.25
11 0.452414 0.158085 2.74
3 0.0190688 0.309229 5.51
3 -0.394721 0.372167 5.77
3 -0.0379535 0.316415 5.08
11 0.533127 0.184772 4.58
3 -0.443941 0.370171 6.27
11 0.159044 0.0537769 5.46
11 0.157962 0.0530175 4.45
3 0.095816 0.285491 5.36
3 -0.118064 0.315063 5.5
3 -0.205984 0.328073 5.49
8 0.449859 0.221138 2.69
8 -0.148773 0.306994 5.44
3 0.0710342 0.276328 6.15
3 -0.277499 0.324774 5.32
8 -0.410681 0.357005 6.61
8 -0.168187 0.322669 3.11
3 0.0445678 0.276166 6.05
8 -0.309299 0.347062 5.8
3 0.154871 0.247128 3.79
8 -0.0931784 0.329153 5.23
11 0.579083 0.172927 3.78
8 -0.451671 0.386806 5.45
3 0.321629 0.222412 4.66
3 -0.00255963 0.262294 6.19
3 -0.0162824 0.260205 4.3
3 -0.483379 0.320004 5.91
3 -0.366594 0.30336 5.91
3 -0.0033268 0.254473 6.36
8 0.218643 0.29278 4.6
11 0.0913291 0.0247982 6.19
8 -0.123956 0.363568 4.08
8 0.317851 0.289354 4.37
3 -0.420828 0.287252 4.84
3 -0.369028 0.280183 4.98
8 -0.443051 0.429425 4.73
3 0.593088 0.163189 2.34
3 -0.101301 0.241589 4.42
3 -0.500019 0.280778 5.95
0 -0.521181 0.130596 1.81
3 -0.344623 0.256478 4.62
8 0.0452268 0.359133 4.92
8 0.0456011 0.361854 5.69
11 0.508108 0.120718 4.62
3 -0.456901 0.259193 5.52
3 -0.0469555 0.212765 6.48
11 0.586384 0.133788 3.93
3 -0.0236683 0.205539 5.7
3 0.337121 0.166009 3
8 -0.0321789 0.403009 4.46
3 -0.501549 0.228829 5.4
3 -0.09908 0.190533 2.56
3 -0.191446 0.198321 3.33
3 -0.0536229 0.181833 4.56
3 -0.231162 0.194564 5.31
3 -0.583947 0.221156 4.45
3 -0.456121 0.207103 5.18
3 0.0944355 0.157224 3.79
3 0.122131 0.153833 3.49
3 -0.463923 0.199671 5.9
8 -0.180437 0.472138 3.56
8 0.596554 0.309543 3.9
3 -0.372863 0.181688 4.05
8 -0.0998722 0.475233 5.08
3 -0.284981 0.162202 4
3 -0.469282 0.174711 5.39
8 -0.256731 0.517623 4.81
8 -0.119954 0.487677 4.06
3 -0.175099 0.147079 5.58
3 -0.417524 0.162375 6.35
3 -0.435238 0.15906 6.49
8 -0.22456 0.524303 5.93
3 -0.438566 0.153573 4.95
3 -0.194788 0.13054 5.74
3 -0.567937 0.149588 4.77
3 -0.140755 0.123982 5.54
0 -0.374316 0.0469472 3.82
3 -0.214288 0.122675 6.27
11 0.585934 0.0725462 5.07
11 0.584231 0.0722172 5.12
8 0.1068 0.470636 4.93
8 0.156503 0.461727 3.54
3 -0.43451 0.122278 5.76
3 -0.170415 0.107553 5.95
8 0.611053 0.354164 4.62
8 0.462521 0.393872 5.64
11 0.50625 0.0536955 3.11
8 0.469152 0.394968 5.26
0 -0.375345 0.039378 5.19
8 -0.27289 0.590901 4.7
3 -0.518198 0.113654 4.3
11 0.250012 0.0248822 5.64
8 0.473832 0.400304 5.46
3 -0.332563 0.0983308 5.24
8 -0.199997 0.583401 5.48
8 0.220397 0.479213 4.7
3 -0.0900175 0.0785486 5.26
0 -0.428485 0.0328313 5.32
8 -0.0903455 0.588482 4.71
3 -0.330526 0.0670183 4.84
11 0.429224 0.0269866 3.63
3 -0.364423 0.0653242 4.04
3 0.389223 0.0438946 3.69
3 -0.330871 0.0550151 5.31
3 -0.110764 0.049524 4.5
11 0.42773 0.0219644 4.75
3 -0.212134 0.0472395 2.14
11 0.491812 0.0221506 4.3
3 -0.462027 0.044761 3.59
8 0.442614 0.466017 4.47
8 0.222523 0.540776 4.29
3 0.512598 0.0179152 2.41
3 -0.327221 0.022471 5.58
3 -0.192852 0.0185067 5.53
8 -0.103701 0.658858 5.17
11 0.208513 0.000338299 4.88
3 -0.422619 0.00024267 5.36
9 -0.0488519 -0.660517 5.28
3 -0.362994 -0.00402619 4.65
11 0.502621 -0.00664181 4.32
3 -0.0892914 -0.0174363 5.89
11 0.505798 -0.00953666 4.72
11 0.239673 -0.00499707 5.04
3 -0.321642 -0.0236123 4.12
11 0.474329 -0.0142452 4.14
9 0.517049 -0.446298 5.34
9 0.56046 -0.432771 2.58
9 0.0429454 -0.588055 4.02
3 -0.459209 -0.0465188 5.95
3 -0.378916 -0.0467222 5.72
9 -0.00041104 -0.591426 3.02
3 -0.171634 -0.0446419 6.4
9 0.0177436 -0.580852 5.45
9 0.590786 -0.410629 3.97
3 -0.0115996 -0.0465695 5.66
3 -0.105041 -0.0499753 5.6
3 -0.292144 -0.0601521 5.85
9 0.445217 -0.442774 5.31
11 0.605517 -0.0400751 2.79
3 0.589676 -0.0425118 3.32
9 -0.107092 -0.589926 2.58
3 -0.205837 -0.068998 5.09
3 0.252396 -0.0550821 5.69
3 -0.0448065 -0.0653197 4.93
11 0.403635 -0.0310179 4.06
11 0.188125 -0.0150941 4.24
11 0.486089 -0.0391913 4.06
3 -0.517351 -0.0919224 5.9
11 0.694104 -0.0576669 5.01
3 -0.0604071 -0.0778615 6.26
3 0.0293054 -0.0751466 6.38
3 0.414729 -0.0614395 5.28
3 -0.514688 -0.0979277 3.89
3 -0.429412 -0.0967375 4.97
9 -0.0195729 -0.539677 5.2
3 -0.153094 -0.0872835 4.72
11 0.565581 -0.0528744 3.59
11 0.411836 -0.0398787 5.15
11 0.395938 -0.0384741 5.73
3 -0.0106493 -0.0885836 4.78
3 -0.388555 -0.105376 6.46
9 0.0279288 -0.512476 5.66
9 0.228104 -0.45939 5.32
3 0.289234 -0.0796862 6.03
3 0.469513 -0.0720136 4.76
3 -0.00591065 -0.0955089 5.17
9 0.221508 -0.452921 5.71
3 0.224121 -0.0899609 5.01
3 0.0149876 -0.102718 4.92
9 0.546513 -0.365782 4.82
11 0.503937 -0.0587509 0.77
3 0.032638 -0.103897 4.35
3 0.00735417 -0.105427 4.98
9 0.517928 -0.367246 3.91
9 0.291411 -0.421918 5.45
3 -0.00823879 -0.113904 5.29
3 -0.0397932 -0.117873 5.47
3 -0.0964188 -0.122267 5.68
9 -0.139045 -0.520119 2.94
3 0.470796 -0.0901914 6.21
0 -0.376565 -0.0497641 5.01
3 -0.0313972 -0.123675 5.47
11 0.640649 -0.0876597 1.59
11 0.585202 -0.0813918 5.49
9 -0.14694 -0.510115 4.3
11 0.319126 -0.0455157 3.84
3 -0.289841 -0.148701 6.29
0 -0.364239 -0.0535978 3.85
3 -0.0357942 -0.134322 6.28
3 0.269843 -0.11478 4.24
9 -0.285418 -0.533304 5.48
9 -0.0101677 -0.466048 2.65
0 -0.359373 -0.0548866 4.95
3 -0.0646443 -0.141505 4.8
3 -0.140277 -0.147774 6.57
3 -0.140272 -0.147874 5.03
9 -0.364701 -0.534256 5.88
3 -0.163111 -0.157427 5.7
11 0.376147 -0.0615705 2.69
9 0.468906 -0.342491 3.85
3 0.262675 -0.132709 6.35
3 -0.091352 -0.161226 5.49
9 -0.318541 -0.509947 4.66
9 0.295498 -0.372298 4.63
9 0.472817 -0.327521 2.2
3 -0.286155 -0.187527 6.22
3 -0.53258 -0.208212 2.74
3 -0.289763 -0.189251 4.88
11 0.574921 -0.106408 4.91
3 -0.356947 -0.195133 5.57
9 0.46842 -0.32453 4.66
3 0.235638 -0.156932 5.95
3 -0.339242 -0.211028 5.22
11 0.543779 -0.109724 4.69
11 0.393668 -0.0805957 3.04
3 -0.302477 -0.21124 5.65
3 -0.170175 -0.200307 5.12
3 -0.25594 -0.210892 6.11
0 -0.419596 -0.0883699 5.43
11 0.571989 -0.120855 1.25
3 -0.422688 -0.22959 6.42
3 -0.225685 -0.212656 6.47
3 0.415189 -0.152906 6.25
3 -0.214897 -0.214628 5.71
3 0.0268604 -0.192768 5.76
9 0.171538 -0.352643 4.9
3 -0.433345 -0.249313 6.02
3 0.0276334 -0.202421 4.93
3 -0.15956 -0.223876 6.32
9 0.459006 -0.288575 4.33
9 -0.418605 -0.452521 6.11
3 -0.0837385 -0.220699 4.89
9 0.2847 -0.31996 4.25
11 0.553023 -0.132298 5.89
3 -0.245759 -0.240321 6.25
3 0.580525 -0.152484 1.76
9 -0.291716 -0.422675 4.77
11 0.626788 -0.152199 4.03
11 0.626997 -0.15231 5.08
11 0.580476 -0.141112 4.62
11 0.0828759 -0.0202691 5.45
0 -0.443698 -0.109549 5.23
3 -0.425818 -0.268516 3.39
3 0.223402 -0.198133 5.61
3 0.223479 -0.1982 2.89
9 0.502477 -0.266941 5.17
3 -0.151262 -0.252954 4.76
9 -0.413814 -0.416221 5.79
0 -0.418086 -0.111872 5.37
3 0.0894012 -0.230047 4.88
9 -0.423671 -0.412821 5.99
3 -0.15574 -0.263562 5.97
3 -0.271703 -0.2826 2.85
11 0.321411 -0.0895326 3.61
9 0.460627 -0.25208 4.83
9 -0.417633 -0.394019 6.62
3 0.183084 -0.23969 5.2
9 0.436038 -0.246722 4.71
3 -0.0800873 -0.277117 6
3 -0.0536433 -0.273689 5.53
9 0.465464 -0.239954 4.27
3 0.0366426 -0.265006 4.8
9 -0.272063 -0.350383 5.15
11 0.439659 -0.134668 5.44
9 -0.307256 -0.352565 5.57
9 -0.0401534 -0.30947 4.94
3 0.236149 -0.247581 6.25
9 -0.280752 -0.342495 5.95
9 -0.378386 -0.356148 4.38
3 -0.144834 -0.3024 4.32
3 0.23575 -0.248976 5.91
3 0.0438678 -0.283745 4.23
9 -0.16881 -0.314875 5.04
9 -0.120657 -0.301541 6.26
9 -0.100738 -0.295393 5.31
11 0.384471 -0.130978 4.79
3 0.284178 -0.262473 5.77
9 -0.101342 -0.287416 5.21
3 -0.298065 -0.357784 5.19
9 0.106206 -0.25536 5.1
3 0.280451 -0.270599 4.72
3 -0.379227 -0.374727 4.78
3 0.461815 -0.244416 5.14
9 -0.132277 -0.280582 4.74
9 -0.044266 -0.266815 2.99
3 0.274779 -0.282026 5.6
9 0.198313 -0.228756 2.75
3 -0.385112 -0.399666 5.89
11 0.518916 -0.19565 4.52
9 -0.144558 -0.261388 5.36
9 -0.39318 -0.290206 5.88
3 0.581692 -0.243237 2.23
11 0.444578 -0.170674 4.52
9 -0.388345 -0.283439 5.76
11 0.251641 -0.0980128 5.04
9 -0.268622 -0.266196 0.98
9 -0.239411 -0.255647 5.27
11 0.2541 -0.101774 6.62
9 -0.178472 -0.245373 4.76
3 -0.207778 -0.401084 4.97
3 -0.265984 -0.415707 5.65
9 0.474808 -0.165578 5.04
9 -0.3623 -0.251545 6.1
9 0.241946 -0.18497 3.9
9 -0.366857 -0.244538 4.68
9 -0.129523 -0.219658 6.01
9 -0.191314 -0.222371 5.52
9 -0.28955 -0.231839 5.21
3 -0.415751 -0.470492 4.92
3 0.464469 -0.300217 4.68
9 -0.486762 -0.24301 3.38
9 -0.384793 -0.229022 5.7
3 0.218259 -0.360873 4.82
9 0.518588 -0.129115 2.29
3 -0.0823071 -0.437586 5.73
11 0.06665 -0.0314115 5.56
3 -0.034246 -0.429253 5.63
9 -0.319397 -0.194054 5.03
9 0.541954 -0.121597 4.99
9 -0.581084 -0.208394 5.35
9 -0.179129 -0.169659 5.55
9 -0.186872 -0.165483 6.18
9 0.120073 -0.141848 4.23
9 -0.248784 -0.16857 5.5
9 0.471406 -0.112386 4.64
3 0.0304685 -0.442622 5.97
9 0.177162 -0.132985 5.15
3 -0.12552 -0.480514 4.5
9 -0.149277 -0.154721 5.41
3 0.486735 -0.343123 1.85
9 0.143945 -0.126105 4.19
3 -0.15648 -0.499252 4.05
9 0.276317 -0.116908 3.41
9 0.291117 -0.115522 3.47
3 -0.0504842 -0.475907 4.92
9 -0.144842 -0.1439 4.96
0 -0.417476 -0.220652 4.58
9 0.117264 -0.118981 4.32
9 0.0979767 -0.114972 4.75
3 -0.11187 -0.508622 5.71
9 0.164469 -0.109721 5.53
3 -0.101624 -0.513955 2.68
9 -0.467362 -0.141827 5.16
9 0.382741 -0.0902775 2.55
9 -0.523304 -0.136234 5.9
3 0.073824 -0.48029 5.02
9 0.281383 -0.086648 3.83
9 -0.0254317 -0.101123 5.2
3 -0.0342776 -0.518121 5.76
9 0.332921 -0.0827052 3.87
9 -0.0250355 -0.0951682 5.77
3 0.0769089 -0.502439 6.23
9 -0.534332 -0.110898 4.23
9 0.347724 -0.0720454 4.34
11 0.487699 -0.292529 0.61
0 -0.410709 -0.247733 3.67
11 0.200392 -0.122002 5.69
9 0.262378 -0.0609995 4.36
9 0.00323082 -0.0688243 3.25
9 0.174201 -0.0617935 2.06
9 -0.310038 -0.0780623 5.46
0 -0.234363 -0.144945 6.43
3 0.520572 -0.414589 5.26
0 -0.186836 -0.117714 4.8
9 -0.290693 -0.0670997 6.45
3 0.0436875 -0.559511 4.82
9 0.0126386 -0.043596 5.07
9 -0.292026 -0.0497032 4.18
3 0.579908 -0.418215 6.62
3 0.57999 -0.41827 4.53
3 -0.1968 -0.65081 5.53
3 -0.258194 -0.67382 5.29
3 -0.0666747 -0.621491 -0.05
9 -0.375117 -0.0370242 4.07
3 0.575485 -0.430383 4.75
3 0.463592 -0.465143 4.18
3 0.255292 -0.536241 4.8
11 0.130325 -0.0897653 4.89
9 -0.234381 -0.0213238 4.52
3 -0.191722 -0.681681 5.41
9 0.354095 -0.0147636 3.55
9 -0.451502 -0.0213261 5.14
3 -0.121457 -0.66281 4.84
9 0.573281 -0.0102298 4.3
9 0.200244 -0.012089 4.05
11 0.141784 -0.101495 5.06
9 0.229894 -0.00332399 4.41
9 0.0207524 -0.00348177 4.78
9 -0.265166 -0.00253199 6.22
4 0.598552 0.450362 4.04
9 0.337656 0.00693327 4.56
9 0.34073 0.00705861 4.33
4 -0.0594892 0.654199 5.4
11 0.0889348 -0.0663678 4.31
9 -0.372775 0.0157759 6.18
0 -0.203947 -0.153024 4.25
9 0.0511933 0.0158746 4.97
9 -0.452289 0.0201178 4.81
4 0.548241 0.451932 5.58
9 -0.357327 0.021602 5.42
11 0.410087 -0.314091 11.01
4 0.153086 0.558007 3.57
4 0.306612 0.510428 3.04
4 -0.00566838 0.601918 5.91
9 0.443389 0.0261893 4.44
4 0.137054 0.547901 4.47
9 0.279744 0.0386609 2.33
9 0.422678 0.0427966 4.05
4 0.417023 0.44737 5.39
11 0.427973 -0.35802 1.35
11 0.428009 -0.358131 -0.01
4 -0.130583 0.591203 4.49
4 -0.186103 0.604115 3.78
9 -0.693743 0.0929382 4.86
4 -0.229929 0.612753 5.55
9 0.382073 0.0567214 2.3
11 0.354316 -0.303985 3.18
9 -0.381626 0.0887803 3.87
9 -0.0260101 0.0761881 5.7
4 0.0644579 0.523077 4.8
9 0.153157 0.071018 4.06
9 0.153739 0.0758203 4.92
4 0.0730681 0.512751 2.35
4 -0.123382 0.563601 4.6
9 -0.515818 0.105878 5.68
9 -0.195063 0.0943633 6.33
9 -0.0177936 0.0869017 5.15
9 -0.542209 0.110723 3.73
9 0.486829 0.0682063 5.22
9 -0.0143864 0.0922051 5.61
9 -0.00620812 0.093296 5.23
11 0.143929 -0.129437 3.83
9 0.0036133 0.0936781 5.76
4 0.43587 0.398538 5.76
9 -0.218635 0.110058 5.32
4 0.489326 0.383443 5.68
9 0.027093 0.101662 4.42
9 -0.184699 0.114289 5.15
0 -0.208655 -0.192384 2.07
9 -0.183863 0.115075 2.75
9 -0.45047 0.129789 4.93
4 -0.0863547 0.520458 4.54
9 0.309912 0.0915949 4.32
9 -0.0302312 0.120887 5.27
9 -0.259818 0.134764 5.78
11 0.322142 -0.307603 6.09
9 0.498992 0.0951989 5.38
11 0.368847 -0.358479 5.08
9 -0.268713 0.146064 5.48
9 -0.407547 0.156997 4.47
9 -0.273343 0.152957 6.61
9 0.303722 0.115176 2.68
9 0.0238016 0.134665 5.65
9 -0.273458 0.156007 5.88
9 0.284406 0.118643 3.13
4 0.286651 0.392033 5.64
9 -0.32368 0.169116 4.91
11 0.083291 -0.084643 5.65
4 0.305532 0.378041 3.49
9 0.0318987 0.147708 5.83
4 0.0167586 0.441684 4.8
9 -0.547184 0.195234 4.39
4 0.447831 0.33933 4.83
9 -0.0164356 0.159296 3.25
4 0.0507448 0.423067 4.52
11 0.0845218 -0.0881252 5.65
11 0.337111 -0.351538 5.16
9 0.382828 0.131166 3.91
4 0.456068 0.331441 5.59
9 -0.177019 0.183201 5.19
4 0.00970622 0.418373 4.93
4 0.0352966 0.407869 5.67
9 0.34954 0.146296 4.07
11 0.061291 -0.0675628 5.88
9 0.420312 0.149956 3.88
9 0.420447 0.15003 5.7
9 -0.111511 0.201672 4.54
9 0.491049 0.144321 3.41
9 0.336351 0.160951 4.83
9 -0.113766 0.20663 6.07
9 -0.0127739 0.197423 6.47
4 0.0828026 0.370643 5.28
9 -0.147379 0.215377 6.18
9 0.0977965 0.191018 4.91
4 -0.387743 0.457731 5.32
4 0.15816 0.351754 3.46
9 -0.508358 0.258048 5.62
11 0.362562 -0.420583 5.04
9 -0.3044 0.242702 2.61
0 -0.214209 -0.248816 5.02
11 0.394278 -0.45967 4.07
11 0.322819 -0.3768 4.85
9 0.0748597 0.206023 4.35
9 0.406537 0.172842 4.27
11 0.252295 -0.29779 2.87
9 -0.540346 0.279624 5.04
4 0.0864493 0.345127 5.51
0 -0.210115 -0.252029 3
9 -0.138257 0.242391 6.16
9 -0.186199 0.248407 6.14
9 -0.516213 0.285962 5.35
9 0.267597 0.198103 3.22
9 0.186763 0.208987 3.57
4 0.145699 0.327451 5.38
9 0.417605 0.182443 5.65
9 0.40988 0.184372 4.99
4 -0.232696 0.391368 6.29
9 0.345773 0.193672 3.37
9 0.198441 0.212705 4.54
4 0.096305 0.330204 4.99
11 0.374606 -0.46004 4.48
9 -0.477126 0.295426 6.11
9 -0.284572 0.274712 4.92
4 0.225439 0.302683 4.31
4 0.224862 0.302687 6.51
9 0.252098 0.212198 5.36
0 -0.376742 -0.469116 3.29
9 0.234291 0.216533 4.6
4 -0.178904 0.365344 5.16
4 0.0714392 0.314638 3.66
9 -0.162134 0.278437 5.64
4 -0.457978 0.396628 5.15
9 -0.148245 0.282664 6.69
9 -0.163214 0.289656 5.82
4 0.285006 0.268103 5.04
0 -0.135536 -0.178914 5
11 0.180033 -0.237861 5.4
4 0.285568 0.264814 4.98
4 -0.169841 0.333366 6.22
9 -0.157817 0.299275 5.53
4 0.108673 0.287408 4.14
9 -0.473188 0.343255 5.5
9 -0.28714 0.323361 4.61
9 0.0461843 0.278108 5.13
4 0.0238477 0.292762 2.22
4 -0.276919 0.336745 3.8
9 0.286671 0.24579 2.8
4 0.24726 0.257533 5.14
9 -0.195469 0.316775 3.91
4 -0.141439 0.313228 6.1
9 0.360531 0.237832 4.55
4 -0.189578 0.315946 6.51
4 -0.170459 0.313109 5.93
4 -0.287838 0.330013 5.26
9 -0.487176 0.364426 6.51
11 0.256697 -0.355657 4.11
9 0.0492217 0.287782 3.6
4 0.27056 0.244508 5.25
9 0.315721 0.25223 4.34
9 0.0798399 0.290061 3.66
9 -0.109877 0.319877 5.36
4 0.200314 0.248456 4.64
9 0.164623 0.28169 4.66
9 -0.0267017 0.313335 4.97
11 0.170104 -0.243738 5.64
4 -0.173967 0.292677 6
9 0.35907 0.256961 4.64
4 -0.107001 0.281123 4.51
4 -0.234211 0.296964 5.34
4 -0.129223 0.282454 5.8
9 -0.101405 0.332548 4.75
9 0.222296 0.284027 5.23
9 0.172268 0.2922 4.75
4 0.0118208 0.260239 3.81
11 0.0544402 -0.0801577 5.57
4 0.122529 0.240805 5.57
4 -0.44415 0.31327 5.86
0 -0.120913 -0.179358 4.29
9 -0.175224 0.354421 5.41
4 -0.3617 0.301527 2.63
4 -0.152368 0.272822 6.15
9 -0.458654 0.411618 5.39
4 -0.187031 0.270384 3.65
4 -0.343187 0.288416 4.42
4 -0.211847 0.268338 5.71
4 -0.137735 0.252859 4.09
4 0.00442359 0.232486 4.59
9 -0.422035 0.424604 3.54
4 -0.451454 0.282038 5.21
4 -0.40291 0.273842 3.71
9 0.159062 0.32829 3.97
9 0.0153393 0.35401 4.63
4 0.175219 0.206374 4.79
9 -0.42936 0.434881 5.09
4 -0.0872668 0.235916 4.74
4 0.300503 0.187141 4.6
4 -0.230771 0.243182 6.07
9 -0.0858893 0.383224 5.04
9 0.00948477 0.366963 4.59
9 -0.150316 0.397467 4.13
4 0.312541 0.178979 5.35
9 0.00872476 0.371871 5.87
4 -0.320117 0.245891 6.28
9 -0.0995131 0.393756 5.95
11 0.259171 -0.427719 2.83
11 0.202552 -0.335422 5.11
9 0.0280924 0.372068 5.63
4 0.301102 0.177118 5.73
4 0.214585 0.1851 5.43
4 -0.18563 0.223641 3.85
9 0.083187 0.367783 3.87
9 0.170534 0.351051 5.14
9 0.170509 0.3511 5.59
4 -0.209011 0.222434 5.54
4 0.0153694 0.198439 4.14
9 -0.195264 0.427844 4.95
9 0.0279265 0.387382 2.89
9 0.256442 0.347663 3.42
9 -0.150417 0.42985 5.47
9 -0.0354711 0.406876 2.29
9 -0.312551 0.464757 5.53
4 0.128074 0.17395 5.39
4 -0.147563 0.198722 5.1
4 0.0664659 0.178115 4.98
0 -0.30124 -0.531871 4.01
4 -0.0585 0.186063 4.82
4 0.364604 0.146151 4.72
9 0.474485 0.315287 4.65
11 0.306711 -0.550695 4.63
4 -0.393595 0.209229 6.07
9 -0.25011 0.471164 4.16
9 -0.0846094 0.441861 2.56
9 -0.0846726 0.441903 4.9
9 0.395271 0.344191 4.73
9 0.233172 0.379393 4.22
9 -0.0672472 0.444968 3.93
9 -0.0630217 0.447026 4.31
9 -0.22079 0.482295 5.75
4 -0.296611 0.182831 5.63
4 -0.163247 0.170255 5
4 -0.163114 0.170214 6.25
4 -0.32307 0.181001 5.69
4 0.340262 0.12831 4.23
4 -0.160525 0.166993 6.13
4 0.182182 0.139793 4.73
11 0.290944 -0.55481 5.57
4 0.317993 0.124517 6.61
0 -0.115371 -0.223589 5.48
4 -0.17089 0.156031 6.09
4 -0.0489824 0.146633 5.74
9 -0.0863192 0.47538 4
9 -0.273561 0.518069 4.93
9 -0.305495 0.526034 5.43
9 0.082555 0.438183 5.67
9 0.0734429 0.440436 4.58
0 -0.119309 -0.235518 6.36
4 -0.393628 0.163532 5.46
11 0.307856 -0.613302 5.78
9 0.605802 0.322776 4.95
9 -0.23592 0.519693 5.24
4 -0.584332 0.170943 2.73
4 0.132992 0.122238 5.23
9 0.451214 0.365402 5.13
11 0.217883 -0.443959 3.86
4 -0.133062 0.136283 5.72
9 -0.307918 0.546594 5.49
4 0.0491384 0.11972 5.8
9 0.510227 0.358046 4.97
0 -0.10979 -0.228914 4.95
9 0.0924728 0.464621 4.8
4 -0.60794 0.151887 3.23
9 0.361892 0.403133 5.44
4 0.363304 0.0907128 3.91
9 0.516147 0.367244 4.01
11 0.084206 -0.181297 4.68
11 0.0843425 -0.181799 5.27
9 0.0110584 0.496281 4.55
9 0.0386095 0.492182 2.9
4 -0.128041 0.108765 3.74
4 -0.477608 0.125881 4.82
4 0.0784994 0.0975344 4.86
4 0.129885 0.0939696 5.2
4 0.128151 0.0935759 5.4
0 -0.220728 -0.495716 2.73
9 -0.0650609 0.533752 4.48
4 -0.355682 0.109888 5.83
4 0.193723 0.0799063 5.53
4 -0.221071 0.0982006 4.57
9 0.00226253 0.524087 4.57
9 -0.0934795 0.557133 4.22
9 0.472296 0.407211 4.46
9 -0.302454 0.6175 4.62
11 0.190172 -0.44777 5.28
0 -0.15183 -0.35762 4.94
11 0.140886 -0.333782 4.9
4 0.275791 0.0652856 4.83
9 0.0635858 0.527607 1.06
4 0.413861 0.0555109 6.44
9 0.0392752 0.538437 4.79
4 -0.0877792 0.0725766 2.78
4 -0.105655 0.0717969 5.24
4 -0.457317 0.0820804 3.82
9 -0.126763 0.589372 4.29
9 -0.0293307 0.567848 4.45
4 -0.384493 0.0717884 5.63
4 -0.268914 0.0682554 4.84
11 0.0723567 -0.182421 3.86
9 0.411229 0.453016 4.86
4 0.285317 0.0465548 4.2
11 0.163824 -0.425368 5.5
9 0.105741 0.549522 2.82
4 0.495785 0.0346943 5.53
4 0.49631 0.0345694 5.07
4 -0.551845 0.0580463 5.77
9 -0.249038 0.660429 2.54
4 0.411892 0.0286864 4.86
4 -0.411265 0.0348972 6.92
4 -0.411009 0.0346157 5.77
0 -0.160692 -0.447066 4.84
4 0.0883293 0.0250326 2.81
11 0.13387 -0.37484 5.89
4 0.0062996 0.0248595 5.92
4 -0.474482 0.030384 5.74
4 0.219212 0.0177401 3.48
11 0.0729082 -0.209042 4.23
4 -0.477937 0.0121145 6.02
4 -0.324574 0.00983667 5.15
0 -0.0444017 -0.132644 4.21
9 0.0681582 0.621127 6.72
4 -0.455736 0.00401249 6.07
4 -0.39025 0.00105488 5.22
11 0.117392 -0.364892 1.91
4 0.352525 -0.00397565 4.82
11 0.180924 -0.571946 3.77
10 -0.238082 -0.715038 4.64
10 0.237719 -0.561273 2.29
4 -0.350528 -0.0106529 5.48
4 0.0566643 -0.010047 5.73
4 -0.473743 -0.016489 5.51
4 -0.0332734 -0.014897 5.03
10 0.308397 -0.530349 3
4 -0.205063 -0.0175602 6.51
10 0.307034 -0.528488 3.56
4 0.0899987 -0.0185214 5.34
10 0.390489 -0.494722 4.7
4 -0.294244 -0.0269045 4.39
10 0.389452 -0.492317 3.62
4 -0.642519 -0.034017 5.23
4 -0.0143784 -0.0276647 6.06
4 -0.14273 -0.0308288 5.35
0 -0.1277 -0.445509 4.88
0 -0.127479 -0.447682 6.4
10 0.011564 -0.595301 5.57
10 0.206841 -0.534888 5.48
4 -0.0208269 -0.0375514 6.27
4 -0.309203 -0.0436045 3.19
11 0.178561 -0.650706 3.12
10 0.608582 -0.405708 4.06
10 0.04342 -0.56738 5.74
4 0.0769042 -0.0461644 3.92
4 -0.595986 -0.0662316 4.82
4 0.123667 -0.0498751 5.27
10 -0.0783271 -0.592959 6.28
10 0.604148 -0.393316 5.27
4 0.156794 -0.0558457 6.19
10 0.212542 -0.495525 4.83
4 0.531315 -0.0497792 4.91
4 -0.245414 -0.0762876 4.89
4 0.166883 -0.0718477 5.41
0 -0.0999895 -0.439991 3.17
10 -0.149187 -0.564027 2.43
4 -0.0387408 -0.092021 6.2
10 0.379454 -0.417778 3.32
4 -0.285247 -0.109506 5.32
4 -0.214036 -0.115648 2.78
4 -0.0274581 -0.107444 3.12
4 0.184187 -0.0962839 3.16
10 0.057081 -0.484842 4.33
4 -0.509826 -0.14086 4.72
0 -0.00313624 -0.0165011 6.31
4 0.118368 -0.108268 4.8
10 0.0552287 -0.473902 6.81
4 0.193631 -0.105175 4.64
10 0.010651 -0.482994 6.59
10 0.0107028 -0.482975 5.14
4 -0.279299 -0.136988 5.03
4 0.363213 -0.104023 5.51
4 0.108108 -0.121386 5.38
10 -0.21455 -0.522015 4.32
4 -0.0321471 -0.13138 5.13
10 -0.0522979 -0.482868 4.39
11 0.0674671 -0.403083 4.76
10 0.0203377 -0.460827 3.27
11 0.0595185 -0.356605 5.39
10 0.449824 -0.356027 5.21
10 0.077811 -0.441032 5.3
4 0.192878 -0.126855 4.15
4 -0.0584838 -0.14626 5.7
11 0.103547 -0.678661 2.84
11 0.100025 -0.657394 3.31
10 0.512776 -0.331608 5.19
10 0.000952544 -0.44393 4.16
4 -0.411471 -0.18296 4.34
4 0.406123 -0.121641 5.83
10 0.105914 -0.416097 4.28
4 0.492346 -0.126282 2.79
4 -0.000982913 -0.168837 4.41
10 0.241016 -0.371995 2.7
0 -0.00673421 -0.0525375 5.78
11 0.0706248 -0.557091 3.6
10 -0.00724413 -0.421378 4.78
4 0.0399137 -0.169699 5.66
10 0.489248 -0.315618 2.84
0 -0.0489666 -0.398296 5.07
4 0.557036 -0.125944 4.89
0 -0.007214 -0.0592125 4.35
4 0.556827 -0.126228 4.86
0 -0.0335797 -0.280454 6.61
10 0.234394 -0.361472 1.62
4 -0.301545 -0.212271 5.8
4 -0.244609 -0.20849 2.08
0 -0.0582175 -0.531312 5.23
10 -0.0459655 -0.41069 6.47
10 0.41496 -0.316861 4.56
4 0.417573 -0.152448 5.35
0 -0.0390284 -0.38677 4.77
10 0.343326 -0.324769 1.86
4 -0.0304733 -0.19931 5.76
10 -0.173383 -0.424706 3.54
10 -0.319538 -0.451876 4.58
10 0.582958 -0.275244 5.25
4 0.367312 -0.166776 3.82
10 0.469652 -0.289114 4.76
10 -0.224526 -0.415052 4.24
0 -0.0253529 -0.321038 4.57
0 -0.0253003 -0.320886 5.81
4 -0.0240418 -0.219292 5.56
10 0.261879 -0.320036 2.39
4 -0.0278904 -0.22343 5.73
10 -0.0582363 -0.374556 4.86
4 -0.401219 -0.265122 2.76
10 0.517146 -0.267442 5.12
4 -0.443246 -0.275308 6.16
11 0.029375 -0.471277 3.61
4 0.0338852 -0.229288 3.42
10 0.0513684 -0.336439 4.53
10 0.277929 -0.297229 2.99
4 -0.440272 -0.291872 3.75
4 -0.00239416 -0.243382 5.09
4 0.470995 -0.186654 5.02
0 -0.0106567 -0.231316 5.02
4 0.422053 -0.195886 6.78
10 0.274931 -0.287732 4.78
4 0.260624 -0.227836 5.17
4 0.61004 -0.182735 3.73
10 -0.00685641 -0.313855 6.18
0 -0.00682284 -0.324749 5.43
4 0.00856616 -0.269819 5.47
4 0.211377 -0.245519 3.86
4 0.491778 -0.208167 2.24
4 0.0672325 -0.271553 3.7
4 0.0845989 -0.272149 4.41
10 -0.29214 -0.337887 3.32
10 -0.0290252 -0.295742 4.74
0 4.32107e-05 -0.176317 6.11
4 -0.15843 -0.313904 4.67
0 0.000116258 -0.176258 5.74
4 -0.403434 -0.350605 4.79
10 -0.418067 -0.348853 4.62
4 -0.434399 -0.357131 3.93
10 -0.151478 -0.306211 6.27
4 -0.0685844 -0.307321 4.26
4 -0.470337 -0.368328 4.42
4 -0.0820335 -0.313283 5.25
4 -0.0439299 -0.308076 6.22
10 -0.0222517 -0.281459 5.37
10 -0.325036 -0.322456 4.77
10 -0.0213761 -0.27692 5.89
10 0.0715486 -0.259478 4.66
4 -0.443406 -0.384024 4.03
10 0.0862158 -0.254298 2.98
4 -0.0547773 -0.325552 4.96
10 0.459625 -0.201992 3.65
4 0.097002 -0.305669 5.05
4 -0.311278 -0.372671 4.64
4 -0.29451 -0.370192 3.71
4 0.0647956 -0.313043 3.84
4 0.0167608 -0.322051 5.79
4 0.0168328 -0.322043 5.83
11 -0.018524 -0.494578 4.33
4 -0.0789648 -0.341886 4.37
4 -0.0930761 -0.344776 5.1
4 -0.410247 -0.400675 5.71
11 -0.0242044 -0.531096 5.47
10 0.372037 -0.197705 4.52
4 0.115951 -0.323023 4.96
10 -0.08523 -0.242199 3.84
0 0.0290223 -0.4783 4.99
10 -0.0736631 -0.23869 5.49
10 -0.0917409 -0.236641 5.29
10 -0.0978745 -0.23733 5.96
0 0.025907 -0.387895 5.96
0 0.0287969 -0.387978 6.79
10 0.194013 -0.195286 3.1
4 -0.00553484 -0.376921 5.3
4 0.208498 -0.339513 4.33
4 -0.0506002 -0.390677 4.92
0 0.0305483 -0.336363 4.22
4 -0.422234 -0.464663 4.85
4 0.0950567 -0.36579 5.61
10 0.0678971 -0.195543 2.72
4 0.0769921 -0.369559 5.12
0 0.0284932 -0.309512 3.55
10 -0.436801 -0.245014 3.23
11 -0.0549466 -0.540306 4.35
11 -0.0274664 -0.265704 5.47
10 -0.313983 -0.221572 4.66
4 -0.05178 -0.407078 3.85
0 0.0630689 -0.602315 4.98
10 0.147797 -0.175416 1.79
4 0.277635 -0.343871 5.11
10 0.0826833 -0.178252 5.58
10 -0.0985378 -0.19371 4.81
0 0.0514049 -0.45147 4.82
10 0.363164 -0.145694 3.49
10 -0.50437 -0.22172 5.2
10 -0.0127227 -0.175083 2.82
10 0.42469 -0.134298 4.1
10 -0.20805 -0.186596 4.67
10 -0.456686 -0.205199 5.38
11 -0.071713 -0.520581 4.63
10 0.35989 -0.130133 4.92
10 -0.477974 -0.195653 5.93
10 0.356672 -0.129479 5.07
0 0.0918339 -0.641739 4.77
10 0.222799 -0.135194 5.67
10 0.22269 -0.135205 6.31
10 0.289618 -0.129708 4.62
10 -0.0390352 -0.153041 5.49
10 -0.0358614 -0.150131 6.53
10 -0.32909 -0.168668 3.85
4 0.278068 -0.396343 0.03
10 -0.493191 -0.16863 5.76
10 -0.0444914 -0.120941 6.22
10 -0.314092 -0.134989 4.7
0 0.126925 -0.67443 5.03
11 -0.062723 -0.330092 4.01
10 -0.329294 -0.130116 4.88
10 0.212014 -0.0989509 5.11
4 0.304509 -0.42177 4.67
4 0.303451 -0.42221 4.59
4 0.265283 -0.433451 4.34
4 0.265122 -0.433628 5.73
10 -0.546116 -0.135615 5.02
10 0.0101136 -0.102746 3.17
4 -0.0573629 -0.518768 4.19
10 -0.070731 -0.104107 5.37
0 0.052218 -0.25455 5.37
10 -0.479064 -0.123984 5.89
4 -0.102345 -0.537478 4.34
10 -0.399756 -0.116707 4.22
10 0.249325 -0.0831754 5.2
11 -0.097863 -0.45424 5.71
10 0.310725 -0.0766004 5.46
10 0.305846 -0.0743437 5.6
10 -0.107777 -0.0921409 5.22
4 0.180407 -0.478211 5.93
4 0.175588 -0.480037 5.22
4 0.191251 -0.476856 3.52
10 -0.0754955 -0.0859354 6.29
0 0.131085 -0.576971 4.63
10 -0.429299 -0.0980623 6.08
11 -0.119153 -0.513885 4.22
4 -0.0340756 -0.548063 5.43
10 0.480001 -0.0574991 5.18
4 0.265236 -0.474142 5.58
10 -0.0900426 -0.073556 5.68
10 -0.0656883 -0.0720168 4.86
0 0.0795991 -0.329047 4.82
4 0.264932 -0.477855 4.22
4 -0.00781658 -0.554287 4.57
11 -0.00990254 -0.0406263 5.29
10 -0.0670933 -0.0682193 5
10 -0.00362506 -0.0655449 2.05
4 0.404858 -0.442889 4.08
10 -0.595612 -0.0800543 4.62
10 -0.595576 -0.0799302 4.98
0 0.154259 -0.610171 5.67
11 -0.103216 -0.406782 4.4
10 -0.377998 -0.0694218 4.83
10 -0.556723 -0.0735572 5.56
10 -0.10281 -0.060231 5.02
10 -0.094899 -0.0584106 3.52
10 0.496875 -0.0397526 4.85
11 -0.144865 -0.554066 5.14
10 0.186934 -0.04702 4.83
4 -0.179391 -0.625608 5.91
4 0.190308 -0.52029 3.25
4 -0.185101 -0.629136 5.27
4 -0.154542 -0.623481 4.02
4 0.181367 -0.528244 4.94
0 0.178916 -0.659378 5.51
4 0.476074 -0.448695 5
10 -0.380269 -0.0479627 4.02
10 0.0582872 -0.0355904 2.6
10 -0.421659 -0.0429858 5.4
10 0.27829 -0.0298693 4.74
10 -0.084212 -0.0297718 3.76
0 0.207595 -0.713157 5.4
10 -0.414864 -0.0331797 5.4
4 -0.174911 -0.664804 2.99
10 -0.397568 -0.0269107 3.43
10 0.483076 -0.0167809 5.17
10 0.185445 -0.0197711 4.23
10 0.0193843 -0.0195567 3.32
4 -0.234008 -0.692935 5.07
4 0.26889 -0.538578 5.25
4 0.199112 -0.560928 5.2
10 0.248127 -0.0124826 4.57
10 -0.640485 -0.0154652 5.23
0 0.0710224 -0.228158 5.11
10 0.200562 -0.00887929 4.11
0 0.133579 -0.42519 6.26
10 -0.0970044 -0.0091506 2.88
10 0.226766 -0.0068196 4.1
0 0.20088 -0.621239 5.13
4 0.182148 -0.589393 5.93
0 0.127923 -0.3905 3.07
10 -0.337033 0.00309344 5.35
10 -0.551093 0.00852091 5.14
5 0.333681 0.532734 4.43
0 0.20034 -0.599454 5
5 -0.0199332 0.636712 5.65
10 -0.0227945 0.013974 4.86
0 0.0967839 -0.282865 4.45
5 -0.0178667 0.630605 4.76
5 0.309265 0.527632 4.35
11 -0.124479 -0.359085 6.25
10 -0.610422 0.0230117 5.59
0 0.245446 -0.701848 3.8
10 -0.13355 0.0234641 4.88
5 0.0128147 0.612342 5.46
5 -0.2231 0.684467 5.28
10 -0.523912 0.0322257 5.1
10 -0.507421 0.0335201 6.4
5 -0.20759 0.668077 5.53
5 -0.225925 0.672182 6.03
10 -0.386779 0.0398269 4.98
10 -0.480671 0.0416231 5.46
0 0.155559 -0.423551 4.6
10 -0.153073 0.040664 3.92
10 -0.18708 0.0415372 4.52
10 -0.144835 0.0412387 5.84
10 0.323468 0.0348276 3.96
5 0.0696948 0.566796 5.22
10 0.529229 0.0311711 5.03
10 0.330117 0.0365821 4.27
10 0.250973 0.0406021 3.96
5 0.132727 0.541647 4.99
5 -0.11618 0.612431 6.27
5 -0.220724 0.639035 5.17
10 -0.0352754 0.0527775 5.02
5 -0.0597627 0.589807 5.14
10 -0.570044 0.0677602 3.36
10 -0.0448104 0.0539069 5.45
5 0.258554 0.495424 5.17
5 -0.0545829 0.584121 5.6
10 -0.0830897 0.0582792 5.57
10 -0.507424 0.0711301 4.64
5 0.583239 0.398098 5.73
5 0.031848 0.546233 4.44
5 0.033565 0.544458 5.82
10 -0.54343 0.0846099 5.79
5 -0.0541222 0.566537 6.34
5 0.566432 0.394007 3.76
10 0.545973 0.0528219 6.29
10 -0.440363 0.0890729 5.03
5 0.0925859 0.519045 3.05
5 0.0926501 0.518849 5.12
5 0.214844 0.480776 4.74
0 0.145315 -0.34092 4.67
10 -0.67396 0.115604 4.45
5 -0.0690151 0.541881 5
5 0.116206 0.492053 5.39
10 -0.285836 0.10348 5.12
10 0.397552 0.0728454 4.88
5 0.257114 0.450896 6.03
10 -0.0301332 0.0955346 5.64
5 0.523061 0.379646 4.49
10 -0.0271278 0.0981096 4.59
10 -0.472078 0.119717 4.36
10 -0.354047 0.114789 4.93
5 -0.13664 0.544532 5.67
10 -0.401756 0.12137 5.45
10 -0.624889 0.139946 5.18
5 0.123971 0.468045 4.68
5 0.366478 0.407273 5.41
10 -0.0521037 0.111969 6.33
5 -0.108175 0.522087 4.39
10 -0.486412 0.140088 5.64
10 -0.179028 0.122771 5.3
5 -0.119482 0.519752 4.39
5 0.521681 0.359641 5.99
5 -0.22642 0.539413 6.33
10 -0.181814 0.130703 5.06
5 -0.234186 0.539303 5.28
5 0.037046 0.468166 5.5
5 0.254148 0.413937 4.89
5 -0.205136 0.521213 6.25
5 0.405202 0.375344 2.86
5 -0.324713 0.543135 5.89
5 -0.261287 0.524984 2.72
10 -0.115661 0.142939 4.87
5 0.183113 0.421061 5
5 -0.103682 0.482529 3.68
10 0.580242 0.100616 5.33
0 0.163077 -0.31947 3.84
5 -0.23771 0.506051 5.75
5 -0.0931712 0.471946 5.01
5 0.163374 0.406989 7.91
5 0.272775 0.382743 5.18
5 0.563294 0.318148 5.03
5 -0.299871 0.508456 0.76
10 -0.280132 0.17421 5.38
5 -0.267625 0.499968 5.12
5 -0.0289855 0.44714 4.9
10 -0.127132 0.168594 5.88
5 -0.104645 0.457223 6.24
10 -0.52249 0.201313 3.87
0 0.301973 -0.560301 5.14
5 -0.00346002 0.429946 4.57
10 -0.321953 0.193104 5.76
5 -0.309748 0.491326 4.71
10 -0.328696 0.195967 5.7
10 -0.328503 0.195983 6.49
10 -0.506091 0.211497 5.6
10 0.28324 0.146671 4.12
5 -0.353946 0.494738 3.71
5 0.544764 0.304753 4.91
10 0.00272029 0.172964 4.7
5 0.262377 0.36293 4.95
5 -0.146248 0.44747 5.71
5 -0.249367 0.467814 5.28
5 0.19788 0.3745 3.89
10 0.0184654 0.176057 4.54
5 -0.144336 0.438257 5.54
10 -0.190268 0.199064 5.01
5 -0.0934475 0.422933 3.51
10 0.00198116 0.185666 4.84
5 -0.0261929 0.407348 5.68
0 0.119857 -0.208413 6.2
10 0.16382 0.173556 4.37
10 0.153445 0.174983 5.3
5 0.230891 0.352582 5.15
5 -0.131789 0.424191 5.33
11 -0.213383 -0.36816 5.75
11 -0.154407 -0.265859 3.97
5 0.0580872 0.381674 4.66
5 0.487581 0.296348 5.06
0 0.237675 -0.405611 5.22
11 -0.215822 -0.366857 5.32
10 -0.223706 0.220361 5.69
5 0.0056003 0.387713 5.23
0 0.241222 -0.408145 6.27
10 0.0302002 0.197949 4.43
0 0.207612 -0.349598 4.51
5 -0.142664 0.406212 5.8
5 -0.337863 0.443053 5.51
10 -0.484218 0.25846 5.67
5 -0.088235 0.390855 5.09
10 -0.241178 0.238033 6.53
0 0.276973 -0.453998 5.4
5 0.204747 0.331057 5.38
5 -0.0222827 0.370503 5.08
10 0.512287 0.163993 4.93
10 -0.484846 0.277218 5.97
11 -0.235089 -0.373685 3.55
0 0.116146 -0.184279 4.38
5 0.218103 0.316207 4.93
5 -0.0740188 0.365628 6.51
5 0.0352448 0.343644 5.51
10 -0.481596 0.293763 3.24
0 0.287818 -0.444988 5.7
5 0.0326332 0.33862 5.51
10 -0.244703 0.26882 6.34
5 0.0264836 0.33874 5.91
10 -0.240292 0.270468 5.84
10 -0.477375 0.303253 5.44
5 0.407043 0.268833 4.8
0 0.362934 -0.551482 4.28
5 0.405227 0.267963 3.8
5 0.0651235 0.322483 5.19
5 -0.183519 0.363756 4.94
5 0.213112 0.296663 4.93
5 0.423252 0.258492 3.96
5 -0.0298134 0.332624 5.18
5 0.0481109 0.318709 4.5
5 -0.0651847 0.334651 6.11
10 -0.244532 0.289633 6.3
5 -0.00947486 0.323607 5.3
10 -0.240878 0.295176 4.3
5 0.233267 0.28062 4.77
10 -0.0683627 0.274098 5.86
10 -0.240054 0.296997 3.58
5 0.213528 0.281047 5.58
5 0.176245 0.286217 5.14
10 -0.11668 0.286669 5.28
0 0.300948 -0.431352 5.71
10 -0.235136 0.30877 4.77
10 -0.19657 0.303968 6.09
10 -0.196551 0.305072 3.05
5 -0.0166799 0.301517 5.5
5 0.271456 0.257796 2.23
10 0.302976 0.240959 5.6
5 0.121728 0.273496 4.43
10 0.31123 0.244979 5.64
10 0.61366 0.206386 1.94
5 0.447632 0.215445 5.73
10 -0.129822 0.324809 5.08
5 0.233519 0.243143 5.63
0 0.090899 -0.120364 5.38
10 -0.424724 0.375575 6.12
10 -0.136492 0.333011 4.77
5 0.195681 0.24155 5.9
5 0.0854687 0.256078 4.01
0 0.0951343 -0.124594 5.96
0 0.309517 -0.404903 4.21
10 -0.434936 0.383739 4.91
10 -0.121645 0.335422 6.74
10 -0.121694 0.335531 5.94
5 0.436346 0.206943 4.94
5 -0.272019 0.299534 6.03
5 0.203441 0.234232 6.21
5 0.440962 0.202188 5.44
0 0.165032 -0.212171 5.18
5 -0.264879 0.284649 4.03
5 0.170852 0.227229 4.61
10 0.360431 0.273846 5.12
5 -0.232028 0.277058 5.39
5 -0.201361 0.266977 4.64
11 -0.35407 -0.438884 4.75
5 0.00178524 0.238868 6.4
10 -0.441692 0.423143 4.91
5 0.0116669 0.233787 5.59
5 0.102539 0.221315 6.32
5 -0.203521 0.256929 3.64
10 0.419487 0.276883 3.11
11 -0.344181 -0.41906 4.86
5 -0.264602 0.262774 5.42
5 -0.525146 0.290276 4.31
5 -0.0829643 0.23865 4.81
5 -0.03078 0.232627 5.06
5 -0.227911 0.254277 5.69
5 -0.289903 0.25948 5.07
10 -0.18559 0.391299 5.24
5 -0.489102 0.280568 5.15
5 -0.179667 0.244677 3.77
11 -0.36304 -0.432509 5.11
10 -0.124626 0.384128 5.15
5 0.113905 0.206235 5.53
5 -0.204819 0.240047 6.01
5 0.354803 0.178569 1.25
11 -0.169534 -0.198974 6.51
11 -0.278812 -0.326589 5.14
11 -0.159788 -0.187018 5.99
5 0.456896 0.165007 5.41
0 0.0853969 -0.0994717 5.75
0 0.28196 -0.326703 5.59
5 -0.196274 0.229202 4.43
10 0.523601 0.28039 4.51
5 -0.0128223 0.204201 4.92
11 -0.290703 -0.331602 3.42
0 0.353498 -0.402068 3.41
5 0.083445 0.191341 4.22
10 0.0118154 0.387054 4.13
10 -0.0576304 0.400908 5.91
5 0.141231 0.183499 2.48
5 -0.177762 0.213027 5.15
5 -0.177761 0.212979 4.27
5 0.186207 0.174604 4.53
10 -0.290447 0.45432 3.78
10 -0.385211 0.473461 4.43
5 -0.372343 0.226452 5.57
10 0.364752 0.327448 5.11
5 0.367069 0.152102 4.81
11 -0.261495 -0.287115 5.41
10 0.410616 0.32199 4.9
5 -0.245021 0.20596 6.01
5 -0.335381 0.213419 6.32
10 0.171893 0.372443 4.89
5 0.326323 0.152008 5.06
10 -0.371265 0.491284 5.99
10 0.525559 0.305732 5.06
10 0.0469025 0.40647 4.12
10 0.162706 0.383057 6.06
5 0.0168037 0.171881 4.56
10 -0.373705 0.495827 5.55
10 -0.29921 0.483049 4.73
5 0.331175 0.140864 4.8
5 0.0329161 0.160819 5.03
10 -0.119598 0.456187 5.78
11 -0.424154 -0.443814 3.67
5 -0.224186 0.17713 5.19
5 -0.245726 0.178704 5.54
10 -0.282586 0.502854 5.49
5 0.268172 0.132479 3.94
5 -0.0692914 0.15373 5.3
5 -0.278866 0.168568 5.51
5 -0.4084 0.175047 5.3
10 -0.0947864 0.475286 6.26
5 0.390138 0.11459 4.74
5 -0.609249 0.181878 6.21
5 0.362434 0.112123 5.38
10 0.155253 0.426227 4.67
10 0.277627 0.405113 5.32
5 -0.635713 0.165248 5.53
10 -0.0752371 0.495573 4.82
5 -0.384072 0.147105 5.63
11 -0.166271 -0.159563 5.13
5 0.317732 0.102619 3.72
10 0.613351 0.334034 5.17
5 -0.374951 0.14244 5.94
10 -0.125033 0.515706 4.08
10 0.120516 0.45646 5.69
10 0.335389 0.405985 5.55
5 0.390258 0.092855 4.56
5 0.219929 0.101812 5.2
5 0.219792 0.10174 6.05
10 0.0254138 0.485107 4.49
10 -0.0458834 0.510091 5.3
11 -0.0133627 -0.0123776 5.45
10 -0.057286 0.518149 6.25
10 -0.241301 0.56475 4.5
5 -0.293759 0.115329 4.7
5 -0.29536 0.11459 6.07
5 0.0662201 0.0873247 3.21
11 -0.27004 -0.2403 5.06
5 -0.296478 0.0967207 4.47
5 0.205245 0.0744968 3.74
10 -0.0497797 0.548798 5.17
10 -0.158769 0.578641 5.31
5 -0.389817 0.0943345 3.92
5 0.229438 0.0643487 4.22
5 0.147946 0.0654846 4.41
10 0.173622 0.500218 4.71
10 -0.100229 0.575318 5.4
5 -0.603195 0.0906803 5.83
10 -0.110417 0.579843 7.07
5 0.314626 0.0578204 5.04
0 0.395248 -0.335858 2.45
0 0.358471 -0.302475 5.19
10 0.607256 0.388691 4.39
10 0.344535 0.466039 4.8
5 -0.604068 0.075962 5.87
5 -0.34814 0.0684604 5.81
5 -0.11795 0.0575771 4.08
10 -0.119536 0.605303 4.28
5 -0.358897 0.0603974 5.16
10 -0.277817 0.654841 5.99
10 -0.0371822 0.592551 5.38
10 -0.199972 0.640089 5.48
10 0.354163 0.47988 5.76
5 -0.576589 0.0560471 6.38
10 -0.267001 0.666072 5.71
5 -0.580275 0.054001 5.48
5 0.178661 0.0363334 5.93
11 -0.555422 -0.440785 6.1
11 -0.359382 -0.284737 4.21
10 -0.00359658 0.596831 3.77
10 -0.0269701 0.607111 5.78
5 0.186628 0.0306013 5.3
5 0.0184862 0.032234 5.39
0 0.337327 -0.264096 5.42
0 0.278734 -0.216482 3.23
10 -0.0131597 0.611404 4.5
10 0.171126 0.557211 6.52
5 0.363713 0.0209243 5.22
5 -0.0509882 0.0242268 4.52
5 -0.628205 0.0227803 2.9
10 0.370406 0.510758 5.29
10 0.228407 0.556014 5.97
5 0.344877 0.0065204 3.98
5 0.211994 0.00427523 4.87
10 -0.0405495 0.656051 5.7
6 0.082165 -0.622104 5.73
6 0.215637 -0.575463 6.1
5 0.246525 -0.00324942 5.04
6 -0.0530483 -0.660486 4.51
5 -0.362913 -0.0079623 6.19
5 -0.685212 -0.00917324 4.68
5 -0.127144 -0.0072896 5.46
0 0.431274 -0.30785 4.76
5 -0.379725 -0.0117543 5.66
5 -0.451959 -0.017009 5.1
6 -0.11392 -0.661411 3.69
5 0.300272 -0.0138799 5.09
11 -0.184082 -0.127138 3.73
6 -0.170137 -0.669833 5.16
5 0.253943 -0.0189855 6.07
0 0.278703 -0.191694 4.55
6 0.0171485 -0.609391 5.24
5 0.458564 -0.0183352 4.69
5 -0.472256 -0.0297661 5.66
5 -0.381519 -0.029086 5.3
5 0.259046 -0.0216876 5.73
6 -0.0713959 -0.632765 4.72
6 -0.163989 -0.658475 5.88
5 0.207694 -0.0259848 5.69
0 0.501748 -0.340004 4.23
6 -0.157459 -0.650696 5.96
5 0.038301 -0.0311725 4.49
5 -0.299708 -0.0367489 2.38
5 -0.162032 -0.0359253 4.34
5 -0.0157815 -0.034021 4.14
6 0.202681 -0.537344 4.35
5 -0.717366 -0.0477692 5.1
0 0.459201 -0.305529 4.25
5 -0.0628495 -0.0405718 5.29
5 -0.722554 -0.0546025 6
6 -0.231456 -0.657178 5.57
5 0.419868 -0.033305 4.23
6 -0.131558 -0.624759 2.85
5 -0.442631 -0.0535823 5.63
0 0.470008 -0.306915 5.53
6 0.157769 -0.536377 5.02
5 0.0638732 -0.0523694 5.07
5 -0.162826 -0.0597693 5.34
11 -0.313845 -0.198429 5.52
11 -0.108029 -0.0682245 5.27
5 0.0400141 -0.0632125 5.52
5 -0.0100773 -0.0670495 5.09
6 -0.189881 -0.604307 5.08
6 0.273319 -0.473538 3
5 0.58051 -0.0524311 5.74
11 -0.538038 -0.322538 6.17
5 -0.25749 -0.0925001 5.54
11 -0.603358 -0.355699 4.4
11 -0.518134 -0.30368 6.13
0 0.261299 -0.152001 5.04
5 -0.36023 -0.111555 6
6 0.0948262 -0.487774 5.43
5 -0.486797 -0.122208 5.6
5 -0.237659 -0.109988 5.61
5 -0.329917 -0.114823 5.65
5 0.615255 -0.0707666 5.55
6 -0.127549 -0.53592 6.39
5 -0.652726 -0.14185 5.55
11 -0.57179 -0.319266 4.69
5 -0.548296 -0.136467 4.74
5 -0.269807 -0.121568 5.83
0 0.414566 -0.230304 4.26
0 0.443214 -0.245975 5.26
6 0.118367 -0.464542 6.45
5 -0.52009 -0.142328 5.29
0 0.450865 -0.247333 5.27
0 0.460847 -0.252446 5.07
5 0.0454469 -0.113439 5.69
5 -0.393191 -0.139375 4.86
5 -0.507057 -0.146532 2.95
11 -0.514674 -0.279884 5.62
6 0.29885 -0.412574 4.47
6 -0.19234 -0.529921 4.29
5 -0.0177328 -0.122837 3.77
5 -0.0817005 -0.130171 5.79
6 0.443439 -0.36923 1.73
6 0.171527 -0.433039 4.5
6 0.191303 -0.428131 4.99
6 -0.102145 -0.494703 5.8
5 0.120744 -0.12271 5.58
0 0.282254 -0.147236 4.79
5 0.121075 -0.125534 4.28
6 0.161313 -0.427411 4.94
5 -0.369875 -0.159326 3.52
5 -0.0939689 -0.142055 6.45
6 -0.241776 -0.51843 5.43
0 0.551007 -0.28423 3.39
0 0.52606 -0.26946 5.05
6 -0.189531 -0.496615 6.04
6 -0.0573412 -0.457226 5.33
6 0.0679428 -0.429326 5.45
5 0.597501 -0.107854 4.18
6 0.322068 -0.367555 4.79
5 0.205423 -0.141403 4.14
6 0.326545 -0.363227 5.11
6 -0.219273 -0.479784 5.34
6 -0.323627 -0.502165 4.17
6 -0.375663 -0.511836 5.75
11 -0.199842 -0.0954859 5.49
0 0.463981 -0.220787 5.75
11 -0.51621 -0.24483 2.87
6 -0.210964 -0.466274 5.96
11 -0.152653 -0.0711634 5.09
6 -0.323963 -0.483542 5.35
5 -0.377184 -0.208859 5.37
5 0.374419 -0.14469 4.55
5 0.0390992 -0.175716 4.78
5 -0.251604 -0.202661 4.82
6 -0.0530394 -0.420395 5.12
5 -0.531271 -0.228538 3.86
6 0.404733 -0.322362 6.42
6 0.403891 -0.321058 5.62
6 0.00431613 -0.399639 5.53
5 0.493459 -0.14186 4.42
5 -0.0927393 -0.197464 6.2
6 -0.38936 -0.475112 5.79
6 -0.209297 -0.437573 5.76
5 0.435831 -0.150336 4.55
11 -0.292686 -0.129436 5.28
5 -0.46961 -0.241195 4.8
6 -0.148071 -0.414867 5.55
5 -0.405295 -0.241529 5.76
0 0.18206 -0.0784944 5.83
0 0.42593 -0.182799 5.52
11 -0.429362 -0.183734 4.51
5 -0.398886 -0.246979 4.78
6 0.265567 -0.326644 5.47
5 -0.50045 -0.262434 3.65
5 -0.309349 -0.243816 5.6
0 0.567182 -0.237342 4.07
6 0.348939 -0.308608 3.97
5 0.402522 -0.169968 4.34
6 0.353417 -0.305929 4.12
0 0.182487 -0.0756978 5.45
5 -0.404183 -0.257959 5.51
5 0.118199 -0.202158 5.64
6 -0.191535 -0.404518 6.36
5 0.312895 -0.182837 4.52
6 -0.268757 -0.416917 4.82
6 0.0227675 -0.362224 6.43
5 0.456626 -0.16982 3.76
6 0.136854 -0.33874 4.29
11 -0.0653227 -0.0265147 5.76
6 -0.264581 -0.410783 6.39
5 -0.100797 -0.236814 6.43
11 -0.49423 -0.197177 4.91
5 -0.535995 -0.293561 5.88
6 -0.0782971 -0.362881 5.21
5 -0.502652 -0.296523 4.04
0 0.273895 -0.105464 5.08
5 0.25014 -0.209216 5.73
6 0.285774 -0.292409 6.28
6 0.285493 -0.290571 5.85
5 0.487488 -0.1856 4.64
6 -0.405058 -0.403441 5.04
0 0.465776 -0.17264 5.19
5 -0.111187 -0.265731 5.84
5 0.241391 -0.222777 4.89
5 -0.107931 -0.26935 6.33
5 0.341625 -0.214462 4.5
6 0.0335737 -0.317234 4.18
5 -0.27334 -0.298553 3.41
5 0.26483 -0.227936 5.25
5 0.0659707 -0.255204 4.8
6 0.0743072 -0.30341 6.12
6 0.403513 -0.250499 2.07
5 0.0830601 -0.258021 2.93
6 -0.348175 -0.365503 6.4
6 0.295601 -0.26432 4.84
6 -0.117844 -0.32803 4.68
5 0.29683 -0.233202 5.11
5 -0.111231 -0.295296 6.27
6 0.540505 -0.219562 4.84
11 -0.143745 -0.0480531 4.13
5 -0.0344403 -0.289186 3.97
5 -0.245758 -0.319996 4.2
6 -0.10534 -0.307955 5.24
6 -0.209099 -0.322372 5.68
6 -0.277083 -0.32841 6.19
6 0.490428 -0.217553 3.49
6 -0.218609 -0.314781 4.05
0 0.42044 -0.133206 3.5
5 -0.0138365 -0.301349 3.51
5 0.304177 -0.255091 5.91
11 -0.166128 -0.0520781 5.32
6 0.0717432 -0.266325 5.99
5 0.331738 -0.257011 4.95
5 -0.289935 -0.354604 5.16
6 0.131107 -0.253432 4.46
6 -0.337504 -0.316538 3.73
6 -0.2578 -0.301595 5.8
6 0.429393 -0.209297 6.03
6 -0.345499 -0.30788 6.2
6 -0.178378 -0.285565 3.27
11 -0.347877 -0.101958 6.04
6 -0.170022 -0.283967 5.53
6 -0.524439 -0.32911 6.11
5 -0.309631 -0.372004 4.91
6 0.122983 -0.240907 4.2
5 0.30252 -0.277781 5.6
6 0.414198 -0.200691 5.72
5 -0.0794111 -0.345215 5.45
6 0.0697183 -0.240832 1.17
5 -0.250133 -0.382237 5.76
6 -0.52196 -0.305075 5.43
6 -0.504201 -0.296776 6.22
6 0.512024 -0.175566 4.11
6 -0.34959 -0.274713 6.23
5 0.321437 -0.2954 3.62
6 -0.359646 -0.270246 6.18
5 0.330458 -0.296392 5.09
6 0.158614 -0.207244 5.12
5 0.0584248 -0.349812 2.44
5 -0.413127 -0.435344 4.48
5 0.479372 -0.275379 4.64
6 0.536158 -0.161223 5.37
5 -0.180041 -0.39767 2.49
6 -0.337479 -0.255014 5.44
0 0.574972 -0.136412 4.84
6 -0.0391136 -0.216072 4.48
6 0.319741 -0.177356 4.28
6 0.232484 -0.186516 5.62
5 -0.293892 -0.430201 4.54
5 0.0131806 -0.373105 4.76
5 0.407419 -0.301055 5.3
5 0.467308 -0.290085 5.68
0 0.254004 -0.0587612 4.41
6 -0.548553 -0.259568 5.42
6 -0.0859933 -0.209183 3.68
5 -0.308119 -0.446277 5.05
0 0.57878 -0.129013 5.68
6 -0.0632022 -0.204916 4.71
5 -0.284363 -0.444333 5.39
6 0.351348 -0.16225 3.88
5 0.353806 -0.321852 5.91
5 -0.306474 -0.457827 5.15
5 0.0422027 -0.389006 6.19
5 0.475038 -0.305597 4.53
6 -0.371803 -0.21425 4.22
5 0.0713889 -0.401144 6.51
6 -0.311644 -0.201474 4.24
6 -0.338507 -0.199267 4.93
6 -0.57515 -0.217823 3.7
11 -0.608508 -0.114346 3.99
5 0.473065 -0.324773 4.82
6 -0.310091 -0.191925 4.41
6 0.262988 -0.143402 5.54
5 0.328033 -0.358206 5.98
0 0.395236 -0.0721411 4.75
6 0.111987 -0.153353 4.41
6 -0.30194 -0.186338 4.99
6 -0.228986 -0.179769 5.2
6 -0.391085 -0.19145 5.56
5 0.46709 -0.332497 5.44
5 0.335701 -0.362508 5.81
5 -0.375427 -0.520095 5.05
5 -0.00803268 -0.441087 4.58
5 0.116269 -0.414641 5.58
5 0.261861 -0.382852 5.77
5 0.143353 -0.413599 5.35
6 -0.20042 -0.1618 5.19
5 -0.0612358 -0.462994 6.28
6 -0.109007 -0.153726 3.96
5 -0.227675 -0.502564 5.09
0 0.519222 -0.0802929 4.96
5 0.157145 -0.423769 5.56
5 -0.0102376 -0.464894 4.42
6 -0.100063 -0.140164 4.38
6 0.497505 -0.0985969 5.53
6 -0.528 -0.164266 4.95
5 0.361063 -0.386125 5.75
6 -0.524996 -0.16249 6.26
5 0.0250862 -0.467994 5.99
5 -0.351159 -0.558897 4.27
11 -0.043545 -0.00610832 5.5
5 -0.215149 -0.533153 4.54
5 0.294739 -0.419627 5.22
6 -0.0883082 -0.115909 6.24
6 -0.476353 -0.136178 6.39
6 0.202488 -0.0952518 4.38
6 -0.0966417 -0.109828 4.7
5 -0.019988 -0.508336 5.33
5 0.147592 -0.468472 4.97
6 -0.472902 -0.125274 5.91
5 0.318597 -0.428145 5.55
5 0.189455 -0.461081 5.63
6 0.290891 -0.0834537 4.69
6 -0.546993 -0.117764 5.68
5 0.447153 -0.407278 3.81
5 -0.12706 -0.558436 6.26
5 -0.0955241 -0.551725 5.49
5 0.383368 -0.426447 4.29
5 0.534002 -0.390589 5.35
0 0.21839 -0.0197312 3.21
6 0.367686 -0.0655825 6.07
6 -0.217848 -0.0877178 4.97
6 -0.630072 -0.103179 4.13
5 0.408171 -0.429469 4.15
6 0.0980534 -0.0720348 5.3
6 -0.149157 -0.0774357 5.36
6 -0.152942 -0.0767765 4.82
6 -0.539592 -0.0891453 4.49
6 -0.212203 -0.0747294 4.49
5 -0.257748 -0.627091 5.09
5 0.122682 -0.524569 4.93
6 -0.144949 -0.066232 5.24
6 -0.137948 -0.0584201 5.28
5 0.459688 -0.438988 4.97
6 -0.578702 -0.0685532 4.95
0 0.60819 -0.0343851 4.88
6 0.439071 -0.0388249 5.18
6 -0.441045 -0.0574913 5.49
0 0.526291 -0.0256567 5.43
6 0.027807 -0.0426557 4.59
6 -0.52373 -0.0519523 5.77
5 0.120137 -0.554634 5.95
6 -0.723482 -0.0459695 5.77
6 -0.134199 -0.0360182 5.17
6 -0.56571 -0.0402501 5.59
11 -0.140124 -0.00482497 5.1
5 -0.0671637 -0.626428 5.06
5 -0.238397 -0.67915 5.3
6 -0.432908 -0.0335971 5.93
6 -0.546501 -0.0344006 6.29
0 0.636894 -0.0156098 4.51
6 -0.665346 -0.0253344 6.22
11 -0.137513 -0.00147019 5.72
11 -0.481282 -0.00507621 5
5 0.059039 -0.61778 4.63
6 -0.189263 -0.0070368 6.28
6 -0.424664 -0.00627619 4.88
6 0.491653 -0.00315327 5.13
0 0.680743 -0.00294408 4.88
6 -0.660097 -0.00358163 4.03
11 -0.454102 -0.000168088 4.49
