24.9784 39.879 4.43
-1.33745 47.2053 4.76
23.1507 39.4971 4.35
9.93557 40.5462 4.99
2.38405 40.8895 4.44
42.4015 29.4943 3.76
6.93072 38.8543 3.05
16.0826 35.9895 4.74
39.1549 28.4192 4.49
9.28012 35.0365 4.68
-8.09768 39.082 4.39
-8.94409 38.9072 4.39
19.0248 30.9862 4.89
30.3323 28.0972 2.86
-19.5592 39.2988 2.72
-7.76134 36.1208 3.68
-22.4475 38.0616 0.76
-2.16977 33.4716 4.9
-0.259007 32.1846 4.57
-23.1869 36.7793 4.71
-26.4954 37.0347 3.71
40.7795 22.813 4.91
19.6408 27.1679 4.95
14.8127 28.034 3.89
-6.99522 31.6596 3.51
4.34825 28.571 4.66
16.3266 23.6704 4.93
30.4701 20.1241 4.8
30.3342 20.059 3.8
-13.7377 27.2298 4.94
15.953 22.2074 4.93
31.6835 19.35 3.96
3.60145 23.8577 4.5
17.4617 21.0064 4.77
20.3204 19.2979 2.23
9.11222 20.4731 4.43
6.39795 19.1693 4.01
32.6636 15.4912 4.94
-19.8281 21.308 4.03
12.7895 17.0097 4.61
-15.0733 19.9852 4.64
-15.235 19.233 3.64
-39.311 21.7292 4.31
-6.21048 17.8647 4.81
-13.4494 18.3158 3.77
26.5596 13.3672 1.25
-14.6925 17.1574 4.43
-0.959841 15.2859 4.92
6.24646 14.3233 4.22
10.5722 13.7362 2.48
-13.3067 15.943 4.27
13.9389 13.0704 4.53
27.4778 11.3859 4.81
1.25788 12.8665 4.56
24.7908 10.5447 4.8
20.0746 9.91701 3.94
29.2046 8.57789 4.74
23.7845 7.68177 3.72
29.2136 6.95087 4.56
-21.99 8.63321 4.7
4.95705 6.53688 3.21
-22.1935 7.24024 4.47
15.3641 5.57662 3.74
-29.1806 7.06162 3.92
17.1751 4.81696 4.22
11.0748 4.90199 4.41
-8.82941 4.31006 4.08
-3.81683 1.81355 4.52
-47.0257 1.70527 2.9
25.8165 0.488099 3.98
15.8693 0.320032 4.87
-51.2931 -0.686683 4.68
34.3268 -1.37252 4.69
2.86711 -2.33349 4.49
-22.4353 -2.75092 2.38
-12.1293 -2.68927 4.34
-1.18136 -2.54672 4.14
31.4301 -2.49312 4.23
-41.0439 -10.2155 4.74
-29.4332 -10.4332 4.86
-37.9569 -10.969 2.95
-1.32743 -9.19523 3.77
9.06334 -9.39712 4.28
-27.6878 -11.9267 3.52
44.7273 -8.07365 4.18
15.3774 -10.585 4.14
28.028 -10.8311 4.55
2.92686 -13.1536 4.78
-18.8344 -15.1706 4.82
-39.7695 -17.1077 3.86
36.939 -10.6192 4.42
32.6251 -11.2537 4.55
-35.1537 -18.0552 4.8
-29.8595 -18.4882 4.78
-37.4623 -19.6451 3.65
30.1317 -12.7233 4.34
23.4224 -13.6867 4.52
34.1817 -12.7122 3.76
-37.6271 -22.1969 4.04
36.492 -13.8935 4.64
18.0699 -16.6765 4.89
25.5731 -16.054 4.5
-20.4615 -22.3488 3.41
4.93838 -19.1039 4.8
6.21765 -19.3147 2.93
-2.5781 -21.6477 3.97
-18.3968 -23.954 4.2
-1.03576 -22.5581 3.51
24.833 -19.2391 4.95
-23.1781 -27.8472 4.91
24.0619 -22.1128 3.62
4.37352 -26.1859 2.44
-30.9255 -32.5886 4.48
35.8844 -20.6141 4.64
-13.4774 -29.7685 2.49
-21.9999 -32.2036 4.54
0.986663 -27.9296 4.76
35.56 -22.8761 4.53
35.4123 -24.3116 4.82
-0.601304 -33.0185 4.58
-0.766358 -34.8007 4.42
-26.2868 -41.8375 4.27
-16.1055 -39.9103 4.54
11.0483 -35.0685 4.97
33.4726 -30.4877 3.81
28.6979 -31.9226 4.29
30.5545 -32.1488 4.15
9.18363 -39.2678 4.93
34.411 -32.8614 4.97
4.41949 -46.2453 4.63
