-17.1919 0.119837 4.78
-34.9674 3.06414 4.23
-16.8256 1.89126 2.82
-37.8493 5.24238 4.36
-37.837 5.24292 4.53
-27.3549 9.38679 4.25
-43.8618 19.9226 0.45
-26.9912 14.7977 4.68
-35.2052 20.0735 2.86
-23.8287 16.9577 4.08
-22.8928 19.1391 4.12
-23.1298 20.3813 4.83
-14.6912 13.5182 4.76
-25.87 25.5997 4.98
-23.3642 30.2761 4.71
-19.6668 29.2101 3.84
-11.5655 17.6802 3.26
-20.5997 35.2331 4.56
-19.6337 34.316 4.48
-20.4758 35.9349 4.97
-17.3422 34.9448 3.33
-19.3984 39.987 4.44
-6.3107 30.8507 4.81
-4.47655 38.7271 3.76
-2.24018 33.669 4.34
8.32831 39.0207 3.24
7.83321 25.3258 3.78
9.97158 28.6222 3.97
10.0788 21.1736 3.93
15.5246 24.8613 4.35
9.8837 14.311 4.05
9.56937 13.5845 4.34
25.6764 35.8267 1.86
19.6671 26.6424 3.77
29.3197 36.4248 4.84
28.1387 33.3515 4.31
29.121 30.4076 3.84
31.0982 31.9305 4.93
23.3757 22.8818 4
33.3335 30.2864 3.43
29.1025 26.3701 3.96
20.6557 18.403 1.67
33.7161 29.0284 2.21
30.0764 25.026 4.79
35.8802 26.4424 4.08
33.4657 23.5745 4.51
32.4132 21.6073 3.69
29.1046 19.0632 2.92
24.3191 12.1598 3.29
36.8705 17.7677 3.39
41.8215 17.7782 3.81
37.396 15.1043 3.3
14.0689 5.43788 4.11
44.3923 17.1321 4.45
33.8664 11.8338 2.74
39.9084 13.8315 4.58
11.8246 3.96874 4.45
43.3485 12.9448 3.78
38.0355 9.03661 4.62
43.8951 10.015 3.93
37.8965 4.01949 3.11
32.1305 2.02014 3.63
32.0187 1.64419 4.75
36.8157 1.65813 4.3
15.6087 0.0253241 4.88
37.6248 -0.497187 4.32
37.8626 -0.713888 4.72
35.5069 -1.06636 4.14
45.3273 -2.99991 2.79
30.215 -2.32191 4.06
14.0825 -1.1299 4.24
36.3873 -2.93375 4.06
42.3378 -3.95803 3.59
37.7233 -4.39793 0.77
47.9572 -6.56196 1.59
23.8889 -3.40718 3.84
28.1573 -4.609 2.69
43.037 -7.9654 4.91
40.7058 -8.21363 4.69
29.4689 -6.03317 3.04
42.8175 -9.04687 1.25
46.9196 -11.3932 4.03
43.4528 -10.5632 4.62
24.0599 -6.70216 3.61
28.7804 -9.80465 4.79
38.8446 -14.6458 4.52
33.2799 -12.7762 4.52
36.5078 -21.8979 0.61
9.75576 -6.71958 4.89
6.65741 -4.96811 4.31
32.0369 -26.8004 1.35
32.0396 -26.8087 -0.01
26.5231 -22.7555 3.18
10.7741 -9.68929 3.83
29.5145 -34.4096 4.07
24.1653 -28.2062 4.85
18.8861 -22.2917 2.87
28.042 -34.4373 4.48
19.2156 -26.6235 4.11
19.4008 -32.0178 2.83
22.9595 -41.2235 4.63
16.3101 -33.2335 3.86
6.30343 -13.5714 4.68
10.5463 -24.986 4.9
5.41642 -13.6555 3.86
5.4577 -15.6483 4.23
8.78764 -27.3148 1.91
13.5435 -42.8143 3.77
13.3666 -48.71 3.12
5.0504 -30.1737 4.76
7.75124 -50.8027 2.84
7.48759 -49.2107 3.31
5.28677 -41.7023 3.6
2.19893 -35.2785 3.61
-1.38665 -37.0227 4.33
-4.11315 -40.4458 4.35
-5.36823 -38.9692 4.63
-4.69527 -24.7098 4.01
-8.91946 -38.468 4.22
-7.72646 -30.4506 4.4
-11.5585 -19.9015 3.97
-17.5981 -27.973 3.55
-26.5047 -32.8536 4.75
-25.7644 -31.3697 4.86
-21.7612 -24.8228 3.42
-31.751 -33.2227 3.67
-26.9023 -21.3146 4.21
-13.7799 -9.51719 3.73
-45.1657 -26.6266 4.4
-42.8026 -23.8994 4.69
-38.642 -18.3273 2.87
-32.1408 -13.7538 4.51
-36.9967 -14.7601 4.91
-10.7603 -3.59712 4.13
-45.5512 -8.55962 3.99
-33.9928 -0.0125826 4.49
