1.68727 43.8783 2.97
4.31026 40.3316 3.88
-23.3174 44.5805 4.68
-10.1229 38.2748 3.48
16.1043 31.9622 4.49
-20.4389 40.5007 4.39
-17.3888 39.5786 1.36
-1.13674 32.6527 3.43
26.2698 26.5989 3.45
-6.86993 32.7513 4.78
-6.3567 32.5583 2.01
23.7605 25.5724 3.06
12.6134 26.687 4.72
16.5232 25.3191 4.2
-22.2531 30.7559 3.84
9.30737 23.2523 4.68
11.5932 18.4993 3.79
24.0762 16.6491 4.66
-1.21885 19.4782 4.3
-31.502 21.5029 4.84
-27.6244 20.9737 4.98
44.3969 12.2159 2.34
-7.58311 18.0847 4.42
-25.7975 19.1992 4.62
25.2359 12.427 3
-7.41685 14.2628 2.56
-14.3311 14.8458 3.33
-4.01406 13.6115 4.56
-43.7126 16.5551 4.45
7.06918 11.7693 3.79
9.14238 11.5155 3.49
-27.9115 13.6007 4.05
-21.3329 12.142 4
-32.8298 11.496 4.95
-42.5142 11.1977 4.77
-38.7909 8.50782 4.3
-24.7423 5.0168 4.84
-27.2797 4.88999 4.04
29.1361 3.28583 3.69
-8.29148 3.70723 4.5
-15.8798 3.53622 2.14
-34.586 3.35068 3.59
38.3717 1.34108 2.41
-27.1727 -0.301389 4.65
-24.0772 -1.76755 4.12
44.1415 -3.18231 3.32
-3.35409 -4.88965 4.93
-38.5281 -7.33059 3.89
-32.1446 -7.2415 4.97
-11.4602 -6.5338 4.72
-0.797177 -6.63112 4.78
35.1464 -5.39074 4.76
1.12193 -7.68918 4.92
2.44319 -7.77744 4.35
0.550513 -7.89197 4.98
20.1997 -8.59211 4.24
-4.83909 -10.5927 4.8
-39.8674 -15.5862 2.74
-21.6908 -14.1668 4.88
2.06856 -15.1527 4.93
-6.26843 -16.5209 4.89
43.4565 -11.4145 1.76
-31.8755 -20.1004 3.39
16.729 -14.8367 2.89
-11.323 -18.9354 4.76
6.69232 -17.2207 4.88
-20.3389 -21.1546 2.85
2.74296 -19.8376 4.8
-10.8419 -22.6368 4.32
3.28382 -21.2404 4.23
20.9938 -20.2563 4.72
-28.3879 -28.051 4.78
43.5438 -18.208 2.23
-15.5537 -30.024 4.97
-31.122 -35.2197 4.92
34.7688 -22.4734 4.68
16.3383 -27.0139 4.82
-9.39608 -35.9699 4.5
36.4356 -25.6852 1.85
-11.7137 -37.3726 4.05
-3.77911 -35.6251 4.92
-7.60729 -38.4732 2.68
3.27032 -41.8834 4.82
43.4164 -31.3105 4.53
-4.99108 -46.5231 -0.05
43.0792 -32.2173 4.75
34.7032 -34.8193 4.18
19.1104 -40.1415 4.8
-9.09193 -49.6161 4.84
