41.9545 -32.396 2.58
3.21477 -44.0202 4.02
-0.0307693 -44.2725 3.02
44.2246 -30.7385 3.97
-8.01661 -44.1602 2.58
40.9104 -27.3814 4.82
38.7706 -27.491 3.91
-10.4085 -38.9347 2.94
-10.9995 -38.1858 4.3
-0.761126 -34.887 2.65
35.101 -25.6379 3.85
-23.8451 -38.1732 4.66
22.1202 -27.8692 4.63
35.3938 -24.5173 2.2
35.0646 -24.2934 4.66
12.8409 -26.3979 4.9
34.3599 -21.6019 4.33
21.3118 -23.9513 4.25
-21.837 -31.6403 4.77
34.4812 -18.87 4.83
32.6406 -18.4689 4.71
34.8433 -17.9623 4.27
-3.00577 -23.1661 4.94
-28.3249 -26.6602 4.38
-9.90189 -21.0036 4.74
-3.31363 -19.973 2.99
14.8452 -17.124 2.75
-20.1083 -19.9267 0.98
-13.3599 -18.3679 4.76
18.1114 -13.8463 3.9
-27.4619 -18.3054 4.68
-36.4376 -18.191 3.38
38.82 -9.66519 2.29
40.5692 -9.10241 4.99
8.98833 -10.6183 4.23
35.2881 -8.4129 4.64
10.7753 -9.43987 4.19
20.6843 -8.75141 3.41
21.7922 -8.64765 3.47
-10.8425 -10.772 4.96
8.77805 -8.90658 4.32
7.33426 -8.60648 4.75
28.6509 -6.75792 2.55
21.0635 -6.48623 3.83
24.9215 -6.19108 3.87
-39.9986 -8.30151 4.23
26.0296 -5.39312 4.34
19.6409 -4.56625 4.36
0.24185 -5.15199 3.25
13.0402 -4.62569 2.06
-21.8602 -3.72064 4.18
-28.0802 -2.77153 4.07
-17.5451 -1.59624 4.52
26.5066 -1.10516 3.55
42.9142 -0.765774 4.3
14.9897 -0.904949 4.05
17.2092 -0.248825 4.41
1.55347 -0.260636 4.78
25.276 0.519005 4.56
25.5061 0.528388 4.33
3.83219 1.18833 4.97
-33.8571 1.50596 4.81
33.1909 1.96046 4.44
20.9409 2.89405 2.33
31.6405 3.20363 4.05
-51.9317 6.95709 4.86
28.6009 4.24601 2.3
-28.5675 6.64584 3.87
11.4649 5.31621 4.06
11.5085 5.6757 4.92
-40.5882 8.28841 3.73
2.02811 7.61013 4.42
-13.7635 8.61419 2.75
-33.7209 9.71564 4.93
23.1991 6.85654 4.32
-30.5078 11.7524 4.47
22.7358 8.62175 2.68
21.2898 8.88128 3.13
-24.2298 12.6596 4.91
-40.9607 14.6147 4.39
-1.23032 11.9245 3.25
28.6574 9.81872 3.91
26.1656 10.9513 4.07
31.4634 11.2253 3.88
-8.3474 15.0966 4.54
36.7586 10.8035 3.41
25.1783 12.0483 4.83
7.32077 14.2991 4.91
-22.7865 18.168 2.61
5.60379 15.4223 4.35
30.4322 12.9385 4.27
20.0316 14.8294 3.22
13.9806 15.6442 3.57
30.6825 13.8016 4.99
25.8836 14.4977 3.37
14.8547 15.9225 4.54
-21.3023 20.5642 4.92
17.5384 16.2091 4.6
-21.4945 24.2059 4.61
21.4594 18.3992 2.8
-14.6323 23.7129 3.91
26.9883 17.8034 4.55
3.6846 21.5426 3.6
23.634 18.8812 4.34
5.97659 21.7132 3.66
12.3232 21.0865 4.66
-1.99881 23.4554 4.97
26.879 19.2354 4.64
-7.59089 24.8936 4.75
12.8955 21.8733 4.75
-31.5924 31.7847 3.54
11.9069 24.5749 3.97
1.14826 26.5002 4.63
0.710003 27.4698 4.59
-11.2522 29.7533 4.13
6.22715 27.5312 3.87
-14.6169 32.0272 4.95
2.0905 28.9983 2.89
19.1965 26.0251 3.42
-2.65527 30.4576 2.29
35.5186 23.6015 4.65
-18.7225 35.27 4.16
-6.33362 33.0765 2.56
-6.33835 33.0796 4.9
29.5889 25.7652 4.73
17.4546 28.4003 4.22
-5.03394 33.3091 3.93
-4.71763 33.4631 4.31
-6.46161 35.5856 4
-20.478 38.7812 4.93
5.49773 32.9698 4.58
45.3486 24.1621 4.95
38.1942 26.8023 4.97
6.92225 34.7802 4.8
38.6373 27.4909 4.01
0.827801 37.1502 4.55
2.8902 36.8434 2.9
-4.87028 39.9552 4.48
0.169367 39.2317 4.57
-6.99761 41.7054 4.22
35.3548 30.4827 4.46
-22.6409 46.2243 4.62
4.75985 39.4952 1.06
2.94003 40.3059 4.79
-9.48912 44.1187 4.29
-2.19561 42.5075 4.45
30.7835 33.9115 4.86
7.91548 41.1357 2.82
-18.6423 49.4379 2.54
