36.7082 -36.5288 4.49
34.1649 -37.1247 4.87
33.2871 -37.2985 4.42
6.19979 -45.6732 4.42
6.75793 -45.2618 4.01
1.49169 -46.1507 4.83
21.5334 -39.7144 2.71
3.12922 -44.7718 4.88
3.70578 -44.581 4.37
9.48134 -40.6901 2.45
29.2712 -33.2568 3.25
16.2708 -33.9814 4.53
2.60647 -37.1075 4.69
20.8467 -32.1247 4.84
-21.0518 -41.79 3.94
6.49164 -34.2217 4.63
7.23276 -33.9489 3.94
19.8131 -30.4821 3.62
2.69157 -33.4705 4.4
32.9658 -26.5063 4.69
31.8008 -26.5107 4.1
1.10125 -33.3925 3.34
22.9392 -27.5857 3.71
20.4426 -27.996 4.49
34.0775 -24.8599 4.22
41.5701 -22.3525 3.46
-2.13654 -31.3574 4.2
21.1985 -24.5193 2.21
-0.754164 -27.3431 2.83
-32.3173 -32.6452 4.36
-7.82273 -28.098 4.4
31.5376 -20.9429 1.75
-16.9194 -28.8778 4.72
20.0992 -22.4373 4.44
-12.8634 -27.4255 4.99
14.7612 -22.7177 4.78
20.9547 -21.5156 4.42
15.5084 -21.0899 4.44
10.4109 -21.0311 4.83
32.4043 -17.4194 4.79
-30.9576 -25.6072 3.91
23.4037 -14.7024 4.11
4.90753 -16.234 4.86
-18.2768 -18.7227 4.98
12.6062 -15.2589 3.97
38.4313 -12.3407 3.6
28.624 -13.3449 3.77
29.5997 -13.0901 4.74
-13.4532 -17.6123 4.87
9.61234 -14.5826 3.68
-25.9812 -18.2583 4.63
22.6218 -13.0177 4.05
41.1923 -11.0479 1.93
27.4859 -12.1114 3.87
-16.8778 -16.3887 4.32
44.6487 -10.2643 4.5
26.2571 -11.2846 4.94
2.11036 -13.2701 4.02
1.94416 -11.7938 4.87
37.4424 -8.78075 4.68
20.1126 -9.15638 4.45
28.4494 -7.58423 3.75
-46.2349 -11.5474 4.99
23.0029 -6.95877 2.23
-0.703527 -8.24537 4.62
-41.3071 -8.08914 3.89
16.0693 -5.33081 4.92
14.4914 -5.35692 4.63
45.1091 -4.05132 4.34
-19.4444 -5.36516 4.77
-22.8688 -5.23335 4.8
-0.724343 -4.26423 4.71
40.6358 -2.95928 2.47
3.01524 -3.66631 4.71
-5.50653 -2.63488 4.72
-24.1791 -2.85585 1.99
-33.008 -2.44407 4.59
12.3901 -1.81046 4.51
18.5383 -1.3564 3.6
44.0503 -0.985196 3.16
-35.5132 -1.45236 4.54
31.4522 0.191001 4.34
-45.3614 0.935124 4.68
-35.5804 1.39418 3.9
-55.3103 2.06152 3.52
-3.8811 1.58393 4.76
1.5937 2.37172 4.78
-15.4832 4.99703 4.11
27.3191 3.75034 4.58
39.9952 4.47902 3.52
-17.8305 9.57356 4.6
-36.8177 11.701 4.48
35.7602 7.37493 4.85
-18.7662 11.4591 3.61
21.4175 9.79147 3.85
43.2002 9.45641 4.5
21.0005 11.7967 4.82
-12.3156 16.0949 3.83
6.73692 14.5132 4.28
31.2966 14.5136 3.84
-11.9606 20.2498 4.91
43.3286 13.4869 4.29
33.6752 16.5538 2.69
-12.59 24.1541 3.11
16.367 21.9167 4.6
-9.279 27.2157 4.08
23.7934 21.6602 4.37
-33.1656 32.1456 4.73
3.38555 26.8837 4.92
-2.40882 30.1681 4.46
-13.507 35.3429 3.56
44.6564 23.1715 3.9
-19.2182 38.7478 4.81
-8.97942 36.5061 4.06
7.99475 35.2305 4.93
11.7154 34.5636 3.54
45.7417 26.5117 4.62
-20.4278 44.2332 4.7
16.4983 35.8725 4.7
-6.76301 44.0521 4.71
33.1328 34.8847 4.47
16.6574 40.481 4.29
