22.5095 40.6109 4.89
-12.3456 50.4972 4.71
21.0181 40.0636 4.79
-19.1355 51.4649 4.64
-13.7582 49.139 4.06
15.37 40.147 2.69
21.9663 37.3652 4.93
30.4414 33.9918 3.03
26.273 35.0076 3.69
-1.95404 42.7571 4.62
-11.3111 44.7504 4.65
26.0479 33.7206 3.18
42.0673 29.3055 4.98
-6.61518 42.2387 4.91
-11.3219 42.549 4.81
21.3017 32.6803 4.82
32.0875 28.9529 0.08
13.5704 32.9977 4.54
23.0808 30.3868 4.69
-2.39801 36.4464 4.96
-26.455 39.6546 1.64
6.25701 31.8852 1.65
-3.15233 33.4784 4.88
-27.2322 37.4127 4.2
-8.14267 32.8397 4.32
10.7603 28.7375 4.71
-21.7093 34.6063 4.39
-21.0334 34.3427 3.39
-22.0732 33.842 4.09
-4.82263 30.1779 2.97
-30.3694 34.5236 4.5
-11.4954 30.1228 4.84
-0.670845 25.475 4.88
19.3609 22.0356 4.51
-17.3909 28.1088 4.89
16.6159 21.9475 4.72
19.1663 21.397 3.97
-34.2601 29.767 4.76
3.24962 23.4117 4.56
-6.77988 24.6514 4.39
44.3864 16.4849 4.96
-25.3767 27.2789 0.45
0.790193 22.2862 4.81
41.6467 15.8137 3.72
27.0073 17.955 1.9
15.9831 19.513 2.65
28.4496 17.6378 4.3
-22.1228 24.0889 4.12
-7.31728 21.4973 4.64
-3.08737 20.8529 4.16
-14.8507 21.252 4.42
-15.7413 19.8474 4.45
-13.0615 19.4869 4.95
-4.46726 17.5506 3.31
4.83655 16.3409 4.32
-4.68314 15.0046 2.87
-30.0454 17.1726 4.39
32.2763 10.9485 4.92
-7.89579 13.3938 4.13
-25.9586 13.5336 4.47
-13.1865 10.9815 1.93
21.7693 8.21213 4.8
-22.2872 10.4762 4.66
-1.65674 8.33228 3.06
-17.6141 9.19209 4.49
-18.0876 8.78554 3.35
-25.0201 8.44404 4.77
-33.5471 8.66427 4.48
20.5333 5.36795 4.99
9.84148 5.25575 3.6
-17.7651 5.68324 4.73
25.1711 3.49963 4.9
-44.6373 3.44801 4.99
-7.84608 2.42708 4.01
-44.6288 0.672007 4.91
4.81508 0.243211 4.41
16.946 0.0894244 4.91
-38.2368 0.0497566 4.15
-13.225 -1.93788 3.58
-5.98371 -2.46901 3.5
-23.2764 -4.61263 4.99
1.66696 -3.97064 3.78
31.3212 -3.40406 4.61
-24.6954 -5.16396 2.89
-23.7715 -5.48103 4.33
6.93195 -4.77605 4.16
-19.3918 -5.88432 4.55
7.14052 -6.308 1.58
0.597492 -6.9864 4.06
10.7982 -7.39863 4.89
-29.1862 -9.5788 0.4
3.32916 -9.00008 4.23
-2.54794 -9.70569 3.57
2.24013 -9.65748 1.16
-10.3369 -10.7371 4.89
0.760938 -12.1951 4.97
-43.788 -18.2899 4.93
-39.7859 -18.4862 4.69
2.39946 -15.0641 4.94
36.178 -12.7676 4.78
-10.9614 -19.3251 4.67
-22.9002 -22.3236 3.53
24.3411 -17.9034 4.25
-27.9007 -31.1517 4.14
-31.7281 -32.2736 4.45
-31.5885 -34.0937 4.3
-4.52354 -29.0262 4.66
-9.10458 -30.3997 3.94
5.71834 -28.2338 4.03
-26.5978 -34.6032 3.38
-27.5031 -35.4658 4.35
-27.1926 -38.3288 3.11
-17.7617 -37.5413 4.26
34.4131 -26.051 3.12
33.4821 -27.5299 3.57
41.0954 -27.1685 4.46
45.9711 -27.929 4.8
19.7301 -35.9178 3.82
16.4937 -37.6119 3.14
5.05463 -42.2759 4.47
1.00788 -46.4456 4.32
-17.0875 -52.2068 4.99
44.2437 -33.2956 3.17
20.9234 -41.1682 4.54
