-17.8222 -53.5257 4.64
17.795 -42.0153 2.29
23.0857 -39.7004 3
22.9837 -39.5611 3.56
29.2309 -37.0335 4.7
29.1533 -36.8535 3.62
45.5567 -30.3702 4.06
15.9103 -37.0936 4.83
-11.1677 -42.2215 2.43
28.4049 -31.2737 3.32
4.27292 -36.2939 4.33
-16.0606 -39.0766 4.32
-3.91487 -36.1461 4.39
1.52242 -34.4962 3.27
0.0713048 -33.2314 4.16
7.92843 -31.1479 4.28
18.0418 -27.8465 2.7
-0.542275 -31.5432 4.78
36.6237 -23.6263 2.84
17.5461 -27.0588 1.62
31.0627 -23.7193 4.56
25.7004 -24.3113 1.86
-12.979 -31.7923 3.54
-23.9197 -33.8262 4.58
35.1568 -21.6423 4.76
-16.8074 -31.0696 4.24
19.6035 -23.957 2.39
-4.35941 -28.0382 4.86
3.84529 -25.1849 4.53
20.805 -22.2497 2.99
20.5806 -21.5388 4.78
-21.8688 -25.2933 3.32
-2.17275 -22.1384 4.74
-31.2953 -26.1142 4.62
-24.3313 -24.1382 4.77
5.35593 -19.4238 4.66
6.45387 -19.036 2.98
34.4062 -15.1206 3.65
27.8496 -14.7996 4.52
-6.38008 -18.1303 3.84
14.5233 -14.6186 3.1
5.08259 -14.6378 2.72
-32.6977 -18.3411 3.23
-23.5039 -16.5863 4.66
11.0637 -13.1312 1.79
-7.37626 -14.5006 4.81
27.1854 -10.9062 3.49
-0.952386 -13.1062 2.82
31.7911 -10.0532 4.1
-15.574 -13.9681 4.67
26.9404 -9.74139 4.92
21.68 -9.70958 4.62
-24.6348 -12.626 3.85
-23.512 -10.1049 4.7
-24.65 -9.74012 4.88
0.757076 -7.69128 3.17
-29.9246 -8.73636 4.22
-4.91724 -5.39098 4.86
-0.271362 -4.90651 2.05
-44.5858 -5.99264 4.62
-44.5832 -5.98335 4.98
-28.2959 -5.19672 4.83
-7.10387 -4.37245 3.52
37.1947 -2.97577 4.85
13.9934 -3.51979 4.83
-28.4659 -3.59035 4.02
4.36322 -2.6642 2.6
20.832 -2.23593 4.74
-6.30387 -2.22863 3.76
-29.7608 -2.01446 3.43
13.8819 -1.48001 4.23
1.45105 -1.46396 3.32
18.5741 -0.934412 4.57
15.0135 -0.664679 4.11
-7.26148 -0.684988 2.88
16.9751 -0.510496 4.1
-1.70633 1.04605 4.86
-9.99718 1.75646 4.88
-28.9532 2.98133 4.98
-11.4586 3.04399 3.92
-14.0043 3.10936 4.52
24.2139 2.6071 3.96
24.7116 2.73843 4.27
18.7871 3.03936 3.96
-42.6719 5.07234 3.36
-37.9843 5.3246 4.64
-50.4508 8.65379 4.45
29.7596 5.453 4.88
-2.03071 7.34421 4.59
-35.3384 8.96168 4.36
-26.503 8.59278 4.93
-8.65806 10.7 4.87
-39.1121 15.0697 3.87
21.2026 10.9794 4.12
0.203633 12.9476 4.7
1.38227 13.1791 4.54
0.148304 13.8984 4.84
12.2631 12.9919 4.37
2.2607 14.8179 4.43
38.3484 12.2761 4.93
-36.0509 21.9903 3.24
-18.0315 22.096 4.3
-17.9698 22.2324 3.58
-17.6016 23.1137 4.77
-14.7133 22.8368 3.05
45.9369 15.4495 1.94
-10.2174 24.9283 4.77
-32.5581 28.7256 4.91
-33.0638 31.6753 4.91
31.4016 20.7267 3.11
39.1953 20.9892 4.51
0.884468 28.9738 4.13
-21.742 34.0091 3.78
-28.8358 35.442 4.43
30.7376 24.1033 4.9
12.8674 27.88 4.89
3.51099 30.4272 4.12
-22.398 36.1597 4.73
11.6218 31.9062 4.67
-5.63204 37.0972 4.82
-9.35962 38.6043 4.08
1.90241 36.3138 4.49
-18.0631 42.2756 4.5
12.9969 37.4449 4.71
45.4575 29.0963 4.39
25.7909 34.8864 4.8
-8.94813 45.3113 4.28
-0.26923 44.6771 3.77
-0.985098 45.768 4.5
