44.8059 33.7128 4.04
11.4596 41.7708 3.57
22.9521 38.2092 3.04
10.2595 41.0143 4.47
-9.77508 44.2558 4.49
-13.9311 45.2224 3.78
4.82514 39.1561 4.8
5.46967 38.3831 2.35
-9.23603 42.1896 4.6
-6.46427 38.96 4.54
22.8713 28.2991 3.49
1.2545 33.0632 4.8
33.5234 25.4013 4.83
3.79861 31.6696 4.52
0.72658 31.3182 4.93
11.8394 26.3313 3.46
7.20912 24.7181 4.99
16.8757 22.658 4.31
5.34774 23.5529 3.66
21.3768 19.8232 4.98
8.13496 21.5146 4.14
1.78517 21.9153 2.22
-20.7294 25.2078 3.8
14.9949 18.5987 4.64
-8.0098 21.0441 4.51
0.884872 19.4808 3.81
-27.0758 22.5715 2.63
-14.0006 20.2402 3.65
-25.69 21.59 4.42
-10.3105 18.9283 4.09
0.331138 17.4033 4.59
-30.1607 20.499 3.71
13.1164 15.4486 4.79
-6.53255 17.66 4.74
22.4948 14.0089 4.6
-13.8957 16.7411 3.85
1.15051 14.8546 4.14
4.97545 13.3332 4.98
-4.37915 13.9282 4.82
27.2932 10.9405 4.72
25.4711 9.60493 4.23
13.6376 10.4645 4.73
-43.7415 12.7963 2.73
-45.5087 11.3698 3.23
27.1959 6.79051 3.91
-9.58479 8.14184 3.74
-35.7524 9.4231 4.82
5.87625 7.30115 4.86
-16.5488 7.35102 4.57
20.6449 4.8871 4.83
-6.57091 5.43288 2.78
-34.2335 6.14431 3.82
-20.1301 5.10941 4.84
21.358 3.48496 4.2
30.8331 2.14738 4.86
6.61208 1.87387 2.81
16.4096 1.32797 3.48
26.389 -0.297606 4.82
-22.0263 -2.014 4.39
-23.1461 -3.26411 3.19
5.75683 -3.45574 3.92
-44.6138 -4.95791 4.82
39.7728 -3.72633 4.91
-18.371 -5.71068 4.89
-16.0221 -8.65709 2.78
-2.05544 -8.04296 3.12
13.7877 -7.20754 3.16
-38.1641 -10.5444 4.72
8.8607 -8.10464 4.8
14.4947 -7.87311 4.64
14.4383 -9.49601 4.15
-30.8016 -13.6959 4.34
36.8556 -9.45312 2.79
-0.0735781 -12.6387 4.41
41.6982 -9.42782 4.89
41.6825 -9.44907 4.86
-18.3107 -15.607 2.08
27.4959 -12.4844 3.82
-30.0341 -19.8463 2.76
2.53655 -17.1639 3.42
-32.9575 -21.8487 3.75
45.6659 -13.679 3.73
15.8231 -18.3789 3.86
36.8131 -15.5828 2.24
5.03284 -20.3277 3.7
6.33284 -20.3723 4.41
-11.8596 -23.498 4.67
-30.1999 -26.2453 4.79
-32.5179 -26.7338 3.93
-5.13404 -23.0052 4.26
-35.2081 -27.572 4.42
-33.1921 -28.747 4.03
-4.10048 -24.3699 4.96
-23.3014 -27.8971 4.64
-22.0462 -27.7115 3.71
4.85042 -23.4335 3.84
-5.91108 -25.5926 4.37
8.67977 -24.1806 4.96
15.6076 -25.415 4.33
-3.78779 -29.245 4.92
-31.6073 -34.7834 4.85
-3.87611 -30.4727 3.85
20.8154 -29.6691 0.03
22.7947 -31.5725 4.67
22.7155 -31.6055 4.59
19.8583 -32.4469 4.34
-4.29403 -38.8335 4.19
-7.66126 -40.2341 4.34
14.3165 -35.6961 3.52
19.8321 -35.7709 4.22
-0.585127 -41.4924 4.57
30.3065 -33.1534 4.08
14.2459 -38.9475 3.25
-11.5686 -46.672 4.02
13.5766 -39.5429 4.94
-13.0933 -49.7654 2.99
