-15.3405 -52.6758 4.88
37.853 -35.3597 4.24
-11.0172 -48.4444 4.74
8.16288 -41.9614 4.96
-16.7697 -46.722 4.83
28.8226 -33.8493 4.74
24.2248 -34.8419 4.11
-13.8916 -43.9099 4.24
-6.83344 -41.6106 4.47
12.6622 -34.9993 4.45
-3.68088 -38.4027 4.76
-22.2026 -40.6963 3.89
23.0817 -29.3984 2.88
-0.702235 -33.3948 4.08
6.11233 -28.569 3.8
-22.8779 -32.8294 4.8
-3.16208 -28.1905 4.86
-4.25994 -27.9902 3.7
25.3038 -22.5112 4.26
-29.017 -28.063 4.74
-22.2962 -26.135 3.72
-5.05594 -23.2305 4.26
20.1826 -18.5167 4.57
8.47122 -18.6361 4.99
15.7559 -17.5083 4.59
-22.0387 -22.2976 3.52
-18.6957 -20.8367 4.43
-3.34521 -18.7099 4.22
13.9284 -15.8589 4.17
-1.74153 -16.3516 4.64
-32.5915 -19.4639 4.46
-16.9269 -16.5118 2.97
-2.70982 -14.5126 4.62
21.1896 -9.40199 4.93
-26.7177 -12.5444 4.04
21.5271 -8.56726 3.85
-21.7485 -11.325 4.87
-25.5461 -11.2617 4.43
35.216 -7.19077 4.26
9.80577 -8.26693 3.55
9.9849 -6.55788 3.97
-37.3566 -5.89494 4.91
4.25095 -4.11831 4.49
40.6952 -2.98297 3.3
5.27955 -3.51205 3.81
-32.0966 -4.14772 3.93
-16.2516 -3.18183 3.86
-9.03743 -2.34231 4.32
20.4976 -1.8757 4.44
-32.2545 -0.886916 4.01
-49.5967 0.713949 3.19
-53.3279 1.03493 4.35
-47.0867 1.23133 3.68
-28.9016 1.70625 4.36
-41.5053 2.33329 3.71
-40.2742 3.91337 4.47
-18.6798 3.92318 4.78
-26.3303 4.6219 4.8
11.8392 4.42122 4.55
-5.41251 5.29573 3.19
44.95 3.58687 4.71
-29.4263 6.95643 2.78
-23.9967 7.18836 4.25
-19.5418 8.05531 4.45
-13.5612 7.97469 3.29
-18.0374 8.29283 4.36
-42.2552 9.5127 4.46
-24.7695 9.07614 0.18
11.2579 8.01002 4.81
-26.7492 10.2518 3.59
-17.6495 10.3778 4.29
-36.7993 12.3776 4.72
-43.4818 13.2339 4.99
-25.2814 12.3768 4.13
-33.5437 13.1554 3.35
-40.535 13.7602 4.89
-42.7075 14.7238 4.59
-7.22087 12.4528 2.81
-35.6322 15.2628 4.71
12.3804 11.7195 3.86
-25.9638 15.2471 4.62
-36.9323 16.2276 2.25
-11.081 14.2158 2.58
-28.8277 16.7039 4.98
-28.7827 16.7426 4.98
-29.6712 16.8276 4.58
-28.0285 16.6905 2.75
-35.4425 17.6813 1.69
-33.1721 18.4119 3.77
-26.0282 17.7426 4.77
10.778 14.2447 2.65
-34.2247 19.2783 1.74
-39.9404 20.5496 4.9
-4.56639 17.3519 3.59
-14.9065 19.3675 3.55
35.6183 13.5016 3.85
-22.2646 20.5208 2.07
44.2187 13.0454 4.5
13.5349 17.1642 3.12
-6.46927 19.8041 3.76
10.9583 18.1207 4.88
15.6056 18.1928 4.97
-15.5972 22.7456 3.71
13.1869 19.1156 4.36
23.8197 18.0621 3.96
-20.6279 25.4303 4.92
-12.0736 25.2619 4.92
-14.2277 26.0189 4.67
43.4941 17.8313 4.72
-26.9729 31.4669 3.99
14.0984 24.6741 4.37
7.35592 27.1268 3.02
12.1174 26.7927 3.85
-9.29577 31.1787 1.98
40.8014 21.6736 -0.62
11.3638 28.9075 4.47
-25.4843 36.8768 3.76
-1.10133 32.8437 4.34
-1.53703 34.115 4.54
-6.71665 35.9085 3.95
27.317 28.4222 3.17
-8.11969 36.7017 4.42
-9.9453 40.0502 -1.44
13.0797 35.9365 3.5
40.063 28.8668 2.94
-4.21394 41.9982 4.82
1.59309 40.6457 3.89
-16.6167 45.669 4.08
-4.19059 42.8516 4.66
-8.75597 44.3435 4.36
8.87986 40.3669 1.5
7.69008 41.928 3.49
1.85257 44.1941 3.02
-10.4218 48.1952 4.11
40.1482 33.0177 4.92
6.11963 45.1293 1.83
25.5549 39.1878 4.83
