-28.0637 0.679893 4.37
-12.1603 1.18131 4.55
-21.5407 1.50466 4.99
-28.5189 1.8561 4.61
26.077 2.27128 3.88
-14.6591 3.61619 4.89
-9.98333 4.56855 4.44
-23.9043 6.59779 3.56
23.3188 6.49078 3.93
21.3633 6.61129 2.4
8.71046 7.72272 4.86
31.016 7.32213 4.76
27.2277 9.98603 4.59
45.6283 8.91205 4.36
-10.8803 13.8262 2.04
-21.1262 14.9169 4.77
-35.5281 19.51 4.78
4.72094 16.9525 4.3
29.2718 15.9769 3.32
43.0164 14.6761 3.94
-21.352 23.604 3.46
28.0399 18.5179 4.97
-24.0463 29.8388 3.6
-14.4639 28.7815 4.9
25.682 22.5139 3.41
34.5922 21.6551 3.93
-11.7674 35.2559 3.49
-19.4513 39.2092 4.66
-19.9314 40.1107 3.74
32.3777 28.3868 4.39
41.0009 26.9348 3.69
-1.51296 37.747 4.92
-3.36458 39.5262 3.99
8.76398 38.059 4.68
43.3638 32.2343 3.56
-3.97105 -49.4421 4.51
-8.52773 -49.5114 3.69
-5.3445 -47.367 4.72
15.1721 -40.2241 4.35
-9.84806 -46.7677 2.85
20.4599 -35.4477 3
22.3711 -30.8841 4.47
-14.398 -39.6684 4.29
33.1946 -27.6395 1.73
12.84 -32.4161 4.5
14.3204 -32.0487 4.99
12.0754 -31.9948 4.94
24.1091 -27.5141 4.79
-24.2258 -37.5907 4.17
26.1206 -23.1015 3.97
26.4558 -22.901 4.12
-20.1184 -31.2092 4.82
10.2445 -25.3571 4.29
2.51323 -23.7472 4.18
30.2059 -18.7517 2.07
22.1279 -19.7863 4.84
-8.82147 -24.5554 4.68
40.4607 -16.4358 4.84
36.7121 -16.2854 3.49
-16.3645 -23.5636 4.05
9.8143 -18.9712 4.46
-25.2646 -23.6951 3.73
-13.3529 -21.3766 3.27
9.20616 -18.0336 4.2
5.21892 -18.028 1.17
38.3287 -13.1424 4.11
-2.92793 -16.1745 4.48
23.9349 -13.2764 4.28
-6.43722 -15.6589 3.68
-4.73114 -15.3394 4.71
26.3009 -12.1456 3.88
-27.8321 -16.0382 4.22
-23.3288 -15.0818 4.24
-25.3397 -14.9166 4.93
-43.0541 -16.3056 3.7
-23.2125 -14.367 4.41
8.38303 -11.4796 4.41
-22.6024 -13.9487 4.99
-8.15996 -11.5075 3.96
-7.49044 -10.4923 4.38
-39.5246 -12.2965 4.95
15.1577 -7.13028 4.38
-7.23433 -8.22142 4.7
21.7753 -6.24711 4.69
-16.3075 -6.56631 4.97
-47.1654 -7.72369 4.13
-11.4488 -5.74727 4.82
-40.3923 -6.67317 4.49
-15.8849 -5.59403 4.49
-43.32 -5.1317 4.95
2.08155 -3.19309 4.59
-31.7892 -0.469818 4.88
-49.413 -0.268111 4.03
